        13            
      39  0           
    65  55  13        
  68  70  81  96      
0   21  84  84  61    

5
0
99
800006

#

                  37                      
                77  48                    
              91  6   39                  
            18  41  62  75                
          41  92  72  12  76              
        29  25  99  80  24  60            
      98  90  92  36  74  12  67          
    6   87  21  59  89  1   33  26        
  30  32  88  54  50  64  83  52  20      
47  21  45  24  46  20  7   28  93  34    

10
0
99
921855

LRRR
None
None

