  0       
1   0     

2
0
1
800800

#

                  0                       
                0   0                     
              0   0   1                   
            0   1   0   1                 
          1   1   1   1   0               
        0   0   0   0   0   1             
      1   0   0   0   0   1   1           
    0   1   1   1   0   0   0   1         
  1   0   0   1   1   0   0   0   1       
1   0   1   0   1   1   0   0   1   1     

10
0
1
999111

L
None
None



