#ST: 2
2              10           0

#ST: 3
1              10           1
1             100           1
0             100           1
0            1000           1

#ST: 5
0            7           2
1            7           2
2            7           2
3            7           2
4            7           2
5            7           2
6            7           2

#ST: 5
0            7           3
1            7           3
2            7           3
3            7           3
4            7           3
5            7           3
6            7           3

#ST: 5
0            7           4
1            7           4
2            7           4
3            7           4
4            7           4
5            7           4
6            7           4

#ST: 10
0            8           5
1            8           5
2            8           5
3            8           5
4            8           5
5            8           5
6            8           5
7            8           5

#ST: 10
0                 1       6
99999        100000       6
222456      1000000       6
123          100000       6

#ST: 10
0                   1     7
99999          100000     7
123666        1000000     7
321            100000     7

#ST: 25
0                1    8
190000     1000000    8
123589     1000000    8
225168     1000000    8
565162     1000000    8
775241     1000000    8

#ST: 25
0                  1   9
999999       1000000   9
565116       1000000   9
547547       1000000   9
565117       1000000   9
262414       1000000   9
700000       1000000   9
