# N COMPRESSED_N NCOLORS MODE seed
# ST: 0
-1
-2
# ST: 10
6      6      2      0      225
7      7      2      0      226
7      1      1      0      227
7      7      3      0      228
7      7      3      1      229
7      7      3      2      230
# ST: 10
6      5      2      0      3125
7      5      2      0      3126
7      1      1      0      3127
7      5      3      0      3128
7      6      3      1      3129
7      5      4      2      3130
# ST: 10
10      10      3      0      4125
11      11      4      0      4126
12      12      3      0      4127
11      10      4      1      4128
12      10      3      2      4129
# ST: 10
18      18      3      0      5125
19      18      4      0      5126
19      19      3      0      5127
20      19      4      1      5128
20      20      3      2      5129
# ST: 10
 30     30      2      0      6126
 50     50      2      1      6127
 90     90      2      2      6128
100    100      2      0      6129
# ST: 10
 30     30      3      0      7126
 50     50      3      1      7127
 90     90      3      2      7128
100    100      3      0      7129
# ST: 30
 30     30      4      0      8126
 50     50      5      1      8127
 90     90      6      2      8128
100    100      7      0      8129
 60     60    120      0      8130
 70     20    150      1      8131
 80     75    200      2      8132
 90     85    230      1      8133
100    100    256      0      8134
# ST: 10
 600000     50    120      0      9130
 700000     40    150      1      9131
 800000     55    200      2      9132
 900000     55    230      1      9133
1000000     56    256      0      9134
 300000    100    256      0      9135
 500000    120    256      1      9136
 900000    130    256      2      9137
1000000    150    256      0      9138
