46
8 
12 56
64 23 41
87 48 44 31
21 34 11 29 48
7  75 95 37 95 45
18 6  29 3  13 30 76
80 82 72 68 60 86 93 23
47 12 32 7  26 7  80 67 19
22 8  14 78 66 17 38 82 61 67
69 48 23 0  9  97 60 44 51 99 63
73 27 10 71 14 20 19 63 37 70 63 63
51 70 77 78 74 52 24 90 46 6  99 23 99
54 81 10 36 22 91 14 83 5  22 83 95 12 88
16 19 55 94 34 13 35 20 66 18 57 90 79 42 37
5  99 36 84 55 95 9  4  71 40 73 67 18 14 69 68
84 3  68 28 38 35 27 55 56 73 15 76 7  18 4  9  34
67 78 94 56 87 72 73 47 0  90 76 86 59 86 87 62 76 53
24 48 85 67 37 7  18 12 76 82 22 24 27 71 72 77 10 34 73
89 91 98 75 8  87 44 55 92 15 5  3  72 86 39 76 81 99 34 15
37 97 58 3  49 62 40 18 41 21 79 14 54 29 93 56 53 78 49 33 33
60 66 70 87 27 43 59 34 96 75 31 89 95 21 22 39 84 35 26 20 68 63
85 54 38 0  98 61 90 63 18 52 61 80 38 5  92 98 75 75 6  7  12 54 97
46 4  71 64 86 84 37 42 97 89 7  94 55 72 9  87 42 55 49 46 11 77 4  82
35 53 27 31 53 19 94 36 61 28 30 13 84 81 95 56 22 52 25 74 42 74 3  46 65
95 21 83 2  17 72 51 88 91 16 82 45 6  27 10 6  57 24 67 96 64 33 94 3  80 93
34 10 36 82 26 70 75 82 12 31 98 57 13 10 25 25 23 65 26 53 63 66 11 6  96 44 80
59 78 79 90 36 85 33 63 32 5  48 24 24 59 68 40 68 14 76 80 73 45 44 17 33 95 73 53
47 99 45 68 79 16 93 70 83 6  16 86 9  27 68 21 24 95 81 70 34 18 15 88 45 93 3  10 81
53 56 55 1  43 35 56 90 70 8  27 84 5  83 36 31 54 90 73 35 88 39 22 77 13 15 81 18 67 31
34 40 95 84 52 21 85 63 46 71 60 52 74 14 27 21 0  19 79 80 66 77 84 15 97 99 18 46 57 20 82
12 17 99 18 65 97 31 85 27 77 1  7  66 75 22 93 93 51 82 50 33 69 99 89 70 66 42 97 94 98 1  30
80 82 81 93 85 43 59 13 74 53 87 34 56 76 13 25 3  62 29 99 87 92 43 96 26 84 63 44 88 78 78 97 80
46 20 99 77 1  21 55 24 4  29 63 42 28 29 95 21 1  37 54 12 10 75 16 78 28 81 75 84 92 73 5  39 0  54
64 39 61 53 92 98 21 7  24 62 50 86 26 58 21 23 95 85 0  75 35 95 75 25 85 41 42 86 59 39 43 0  14 44 51
61 93 90 35 78 49 60 50 79 50 47 61 26 52 55 98 26 35 17 20 49 19 5  58 67 35 12 90 7  39 84 6  10 49 1  84
63 82 85 73 20 65 42 92 70 36 94 17 76 14 60 71 63 94 94 32 43 88 93 58 24 86 65 48 78 47 99 3  60 94 57 74 98
23 49 83 32 1  30 95 69 83 61 21 54 45 7  98 35 15 54 8  79 88 62 77 4  0  87 8  70 81 98 90 44 50 3  4  28 78 51
38 90 35 1  67 18 44 85 87 46 5  69 21 31 91 28 21 2  41 4  50 21 96 33 12 40 13 9  15 83 74 51 74 16 49 27 18 24 39
53 77 49 12 79 17 50 28 65 39 55 70 44 79 75 21 3  15 39 30 39 47 89 44 44 62 30 28 0  41 57 15 15 77 42 76 16 61 3  6 
66 51 90 21 20 43 32 89 20 3  70 37 67 68 67 40 0  44 55 43 66 22 67 55 72 19 48 28 94 51 74 49 64 96 30 55 54 16 68 4  46
12 60 2  6  85 15 39 29 55 76 8  46 72 72 87 49 61 97 5  37 24 95 84 59 43 25 59 99 68 84 92 36 95 8  93 35 81 99 78 65 3  27
71 7  33 92 71 79 79 5  58 47 63 42 62 83 16 72 8  74 41 42 31 25 66 85 22 68 45 19 15 63 74 46 48 65 62 88 34 96 40 80 21 42 9 
9  24 64 95 4  75 17 51 77 66 78 68 4  37 6  84 15 43 41 66 70 80 82 64 39 20 3  81 93 10 30 5  62 83 26 49 91 92 22 96 76 22 3  40
22 74 77 76 93 10 16 33 4  73 36 76 54 14 41 95 61 11 82 72 87 85 45 73 22 2  78 68 74 7  96 33 9  25 67 40 45 68 61 62 31 99 93 75 94
42 91 78 77 12 88 54 67 62 95 11 95 93 64 19 34 11 7  16 84 27 8  31 41 52 88 76 38 19 45 47 48 37 47 65 44 53 95 0  62 52 22 5  15 9  53
