75
97
38 91
88 1  54
62 38 9  52
59 27 42 71 7 
5  12 24 88 65 11
70 21 73 84 23 99 50
91 68 75 34 57 66 88 34
30 0  80 53 43 86 10 37 50
43 91 49 79 10 68 83 3  19 94
46 88 53 22 7  48 73 85 46 58 46
86 16 95 25 92 94 16 17 66 83 12 36
3  37 70 97 86 64 0  58 68 89 89 9  57
54 77 7  7  38 19 27 37 57 65 51 99 92 11
71 57 12 83 85 6  52 25 12 63 23 62 32 48 56
51 20 80 6  67 32 27 76 17 32 68 47 28 6  63 73
84 0  88 40 72 29 3  53 1  58 4  61 85 89 88 89 30
93 57 93 23 80 1  87 95 2  17 39 51 74 94 40 6  91 6 
41 78 78 2  32 75 42 57 44 42 75 78 64 53 54 11 39 36 63
4  17 37 81 59 29 36 45 41 96 86 52 57 61 73 99 31 39 53 76
9  93 46 80 23 78 7  18 3  1  47 70 90 78 93 43 61 39 75 56 81
61 61 20 87 8  81 80 8  6  26 98 42 67 96 83 78 70 73 83 67 28 0 
51 43 55 31 30 44 40 72 47 64 33 50 55 1  14 58 90 33 99 51 15 56 44
9  31 30 20 18 94 31 77 14 49 20 81 45 56 0  29 98 31 82 73 62 30 69 96
18 97 41 36 76 1  13 59 78 30 28 37 50 20 29 38 97 1  44 11 68 6  30 26 15
0  47 52 94 49 44 8  14 79 68 33 23 41 0  91 57 51 37 2  94 11 6  34 20 68 18
77 75 66 27 57 69 28 31 75 69 44 76 71 28 51 2  7  20 19 12 71 80 37 97 7  9  62
77 79 0  19 68 25 68 42 35 16 70 52 4  66 99 56 74 91 65 53 0  72 2  28 75 83 46 42
22 33 33 32 23 3  68 80 14 20 22 18 4  56 81 35 39 3  94 83 38 61 5  0  30 18 71 15 23
59 37 58 58 65 16 34 11 11 90 46 89 72 29 9  47 29 76 62 46 35 82 84 36 64 10 55 10 30 1 
24 28 50 97 5  3  4  66 25 31 45 73 10 0  89 87 95 88 99 50 69 51 51 61 59 50 53 1  72 82 40
76 38 12 62 6  59 7  49 79 33 84 35 40 37 15 40 79 26 91 27 62 6  26 6  64 21 65 98 7  51 80 90
41 60 16 57 1  65 93 4  21 11 19 48 57 4  49 60 2  18 86 40 98 39 70 11 44 15 84 56 14 19 73 33 68
84 9  30 60 98 39 45 96 98 31 64 70 97 7  92 13 52 69 98 13 59 26 54 2  53 31 90 5  77 61 16 19 15 91
73 71 87 19 6  79 97 32 91 93 27 81 13 33 40 20 17 12 76 48 27 7  2  38 79 45 67 54 32 61 98 78 90 77 20
93 18 41 48 6  50 60 98 97 96 37 17 44 4  6  20 59 90 39 84 70 5  80 8  41 1  4  91 84 13 31 54 53 42 5  80
57 0  93 29 83 80 76 75 1  60 90 73 34 43 12 8  61 35 31 27 40 0  90 50 28 38 25 41 68 51 10 50 94 38 37 56 94
7  78 95 7  72 65 98 14 12 72 78 2  21 97 19 29 69 22 25 89 28 9  28 59 27 42 6  6  66 63 75 92 86 39 55 47 56 28
11 35 90 86 43 64 91 43 74 58 84 31 55 94 66 29 10 10 7  15 55 46 21 96 60 34 88 66 93 22 10 92 39 62 71 64 12 15 4 
79 85 73 43 87 2  40 37 3  22 27 63 70 1  35 35 73 83 33 43 3  24 12 91 19 71 49 12 86 91 30 67 16 76 82 22 80 10 9  16
94 18 42 80 85 43 59 33 31 13 66 25 93 65 16 61 17 6  78 34 23 83 81 46 62 71 84 79 85 27 48 40 53 4  45 63 85 95 22 70 58
54 33 57 34 56 11 67 99 96 16 25 88 38 6  82 30 20 41 54 2  20 62 29 46 48 25 52 3  92 7  93 83 31 10 90 85 4  37 76 73 65 67
89 2  64 2  88 56 67 46 64 18 82 39 56 46 92 17 91 91 68 37 73 86 13 70 3  1  11 57 50 37 20 36 99 45 1  97 52 98 85 46 91 12 34
34 12 5  34 59 78 2  52 68 82 82 37 72 14 2  59 41 41 84 78 85 72 83 46 10 36 49 29 73 45 59 31 58 78 98 36 74 6  88 63 56 64 52 38
57 33 54 83 18 39 6  45 67 47 21 11 95 2  23 10 78 17 70 59 31 23 65 77 50 55 88 78 70 17 23 91 78 50 93 67 5  51 24 57 32 53 29 72 54
87 72 29 99 62 16 18 56 41 96 28 5  24 91 0  34 35 95 85 64 32 76 47 55 76 1  83 14 92 32 19 83 9  61 93 7  54 43 37 62 9  44 54 60 23 26
35 10 63 88 0  53 59 78 79 67 8  77 42 86 10 51 31 54 38 65 12 26 71 99 3  0  8  74 77 81 97 24 14 53 42 58 75 5  52 10 24 0  7  56 49 66 78
57 35 99 1  34 79 36 0  11 27 53 32 58 33 30 91 71 8  23 85 53 2  74 16 65 54 97 27 43 42 12 59 19 36 91 56 74 60 31 3  56 33 97 55 47 61 88 94
83 53 84 30 55 5  73 88 6  34 36 98 30 33 82 38 92 91 15 25 71 3  4  51 3  91 49 33 97 64 72 87 64 0  96 16 15 79 96 98 56 40 78 70 74 80 67 75 82
64 31 0  79 95 81 20 99 24 68 18 77 93 71 72 65 86 64 79 88 40 18 68 57 20 60 32 14 96 63 6  19 89 64 68 5  45 39 17 70 65 23 53 79 9  33 65 19 6  67
66 7  82 66 74 84 29 29 78 38 39 93 55 58 13 84 12 74 96 43 0  97 62 58 0  42 31 99 92 70 70 30 29 99 74 3  67 18 51 15 34 66 21 70 81 93 33 24 19 61 84
86 43 79 60 27 29 48 90 48 95 13 29 37 49 27 2  82 8  34 19 63 10 86 64 4  57 30 92 78 24 31 75 99 13 41 80 34 98 18 81 19 87 51 90 38 20 6  78 58 45 21 64
85 8  18 50 79 21 6  24 8  16 63 45 56 4  97 66 83 8  56 37 89 44 57 71 20 29 80 9  18 56 4  63 97 94 52 88 15 62 10 45 59 76 94 19 21 61 29 70 6  65 6  20 24
34 83 61 57 70 10 70 36 98 87 1  49 41 4  4  63 71 51 99 96 32 20 29 98 51 55 43 51 20 57 8  9  10 6  96 16 22 4  16 90 2  60 67 19 12 47 43 99 40 4  35 13 95 86
64 11 76 77 22 30 52 38 33 93 88 91 70 59 26 7  48 95 58 4  89 96 64 57 7  12 57 33 50 49 26 48 30 89 27 97 17 21 59 27 64 80 41 99 4  58 69 41 34 57 38 0  85 43 92
82 22 27 26 79 25 93 42 83 20 27 26 99 8  77 9  37 23 55 29 57 94 59 85 85 51 97 93 82 43 64 47 88 93 51 50 14 73 89 91 31 22 34 93 40 20 27 41 0  86 77 43 49 22 47 59
33 91 31 67 21 81 93 24 61 11 49 70 66 11 91 13 44 1  57 22 58 58 95 37 55 79 15 74 34 47 85 97 96 37 89 98 76 21 15 39 74 66 42 34 96 13 44 89 7  18 19 52 60 82 12 42 42
43 62 6  36 50 0  75 66 47 7  40 47 70 41 83 81 41 77 37 67 39 47 3  30 55 1  46 30 41 48 13 43 43 66 55 26 12 78 94 30 23 19 24 44 31 80 73 71 77 39 31 82 1  43 41 14 48 37
64 13 71 15 14 55 93 49 84 16 98 79 47 10 93 72 1  0  24 16 86 73 52 34 32 72 19 79 77 10 10 17 83 26 14 67 59 50 83 20 92 9  6  19 67 11 5  71 79 46 60 29 24 51 48 75 98 90 24
53 90 71 31 40 81 56 21 88 63 43 28 4  43 96 88 25 7  35 24 32 58 33 41 41 1  39 36 53 77 65 1  31 38 60 4  46 86 17 57 97 39 27 16 31 41 74 87 55 53 71 37 56 99 89 83 6  43 47 81
3  69 21 44 92 76 98 80 0  73 54 74 22 83 91 35 52 90 52 13 45 3  88 72 55 83 5  57 90 2  75 74 36 13 92 37 30 70 47 35 5  32 92 45 34 58 16 61 27 65 58 54 71 82 87 69 77 84 52 55 96
31 98 43 34 97 37 27 51 27 21 4  11 18 16 84 28 25 15 18 60 97 82 31 11 42 84 54 77 54 17 22 86 65 96 22 57 35 2  86 29 60 51 97 2  41 98 68 76 74 42 62 26 41 9  68 28 52 2  85 36 46 7 
19 98 46 24 52 58 76 81 27 0  64 15 92 69 37 21 58 88 69 90 54 50 53 97 90 28 45 68 75 22 50 3  72 1  55 5  99 76 28 62 63 48 65 92 41 27 94 30 99 60 0  20 23 72 64 39 29 89 4  42 89 95 13
79 10 94 60 96 42 2  53 93 13 18 67 62 73 14 64 35 11 25 2  38 87 77 38 53 65 33 78 33 97 70 90 12 41 12 57 74 77 83 7  58 74 53 58 75 1  44 25 85 15 17 13 48 35 65 21 31 34 66 4  21 86 76 74
76 87 91 5  10 90 32 52 76 27 65 33 57 91 83 9  20 3  97 47 1  33 11 79 42 8  1  6  59 69 2  90 4  46 95 71 27 69 64 63 24 53 76 49 64 67 58 21 12 26 79 16 56 83 35 32 86 62 57 72 17 37 81 44 62
72 66 38 84 67 26 29 66 61 9  95 85 98 13 25 21 96 79 3  81 29 20 60 52 69 92 29 21 13 54 8  48 65 37 90 5  66 84 69 15 12 50 23 88 81 14 37 5  57 69 19 75 57 65 93 16 9  56 22 58 4  66 26 59 72 81
77 81 64 4  81 87 2  23 5  79 35 75 33 64 96 53 34 78 17 32 27 13 82 32 58 64 42 43 96 55 10 2  23 55 44 37 51 71 21 60 5  83 73 24 83 54 70 22 2  76 59 85 31 28 71 15 38 2  56 98 32 8  61 40 66 61 49
30 27 36 35 0  96 98 57 32 8  45 95 31 71 43 92 57 51 12 83 78 43 39 98 45 88 26 80 49 22 46 40 61 63 22 9  78 1  71 42 0  68 75 6  77 59 74 67 49 43 74 91 95 20 28 88 2  9  13 56 3  26 15 74 10 33 64 69
24 52 0  98 73 34 63 45 18 1  72 39 75 25 19 90 57 21 8  15 98 45 10 48 78 70 79 64 90 30 46 3  7  31 68 20 17 48 5  48 79 10 85 23 69 80 16 65 34 60 27 77 93 6  55 97 82 70 16 34 56 31 56 98 20 6  15 73 44
12 54 40 89 11 33 84 53 4  65 34 15 65 38 46 90 25 28 92 28 17 10 61 1  49 39 44 14 19 36 59 86 99 79 11 91 13 62 25 14 65 4  77 24 77 66 15 50 66 97 22 9  70 34 2  44 3  1  43 6  78 51 16 51 75 73 53 71 8  9 
78 51 90 77 76 68 67 84 12 85 13 5  14 30 45 75 9  53 97 71 76 7  60 36 68 55 13 80 66 61 93 89 28 5  82 90 76 51 22 10 78 93 40 26 7  0  4  66 18 67 8  60 41 41 30 30 31 39 88 95 84 99 76 14 98 60 72 30 83 6  87
3  7  2  97 59 97 95 69 13 4  42 13 37 68 58 34 72 97 6  96 39 66 87 21 84 63 75 37 80 72 92 24 63 76 56 57 92 74 25 68 15 55 15 95 48 13 70 7  25 46 23 6  27 91 26 14 20 94 24 6  10 54 19 10 43 25 83 58 68 29 23 19
53 5  97 83 73 34 17 59 48 63 19 56 90 33 55 51 6  90 84 0  32 50 44 64 41 81 71 3  86 78 28 77 96 79 32 76 37 64 75 86 58 92 6  80 82 69 96 47 31 27 31 31 85 80 80 47 52 38 62 53 34 33 90 61 80 73 51 86 80 26 6  72 84
65 53 78 10 84 80 86 67 46 2  52 75 35 29 74 47 96 66 83 29 73 38 67 0  1  5  23 25 74 89 66 8  50 74 81 67 98 39 52 54 7  27 8  58 73 23 22 0  21 12 52 47 95 77 12 60 6  85 99 89 21 16 93 43 79 26 33 53 5  35 47 28 27 12
40 62 86 73 32 33 71 11 57 85 85 88 73 0  26 1  22 1  65 59 20 70 61 24 30 43 13 56 11 48 71 71 10 32 16 46 79 90 44 22 87 99 6  3  89 45 53 24 9  81 81 68 43 43 83 26 66 34 10 44 21 28 72 63 95 84 15 27 16 11 98 45 44 79 50
