63
24
29 1 
81 54 53
72 86 11 70
10 61 72 35 23
22 10 80 96 50 21
69 91 6  45 29 17 80
70 92 68 41 50 39 60 84
10 26 19 35 5  89 33 80 92
8  46 66 98 30 67 65 66 42 98
5  56 97 20 5  62 1  99 71 29 99
77 16 55 9  91 8  29 73 54 52 97 90
55 33 23 90 92 43 63 82 61 50 72 95 35
18 26 55 80 45 44 55 39 56 69 77 86 34 2 
80 75 92 22 50 51 1  30 89 70 64 36 14 5  22
61 2  1  97 56 82 22 60 10 92 5  75 86 39 53 19
28 86 26 16 25 38 64 21 14 57 51 35 16 30 13 53 48
77 3  28 48 1  42 4  81 52 42 6  33 65 75 49 38 65 27
57 62 30 10 66 59 64 79 8  74 47 20 54 64 84 84 13 4  59
46 63 30 46 38 43 25 74 5  22 40 75 84 30 56 5  2  90 19 66
13 65 15 24 9  26 68 17 31 42 53 63 71 55 59 80 63 44 94 65 8 
40 72 60 0  16 77 96 14 65 71 92 29 2  83 67 16 50 50 13 13 37 30
43 58 90 6  63 42 29 52 63 67 69 0  2  83 90 58 23 26 49 97 77 2  33
74 39 96 6  41 50 46 1  31 58 88 68 95 17 32 63 41 12 16 33 71 32 73 44
51 36 65 90 50 17 76 96 63 74 77 90 86 16 4  61 35 80 9  23 82 95 88 54 55
20 20 46 7  90 3  85 92 11 6  20 48 27 23 76 56 37 22 4  16 11 81 17 41 92 78
17 76 65 95 81 45 63 74 91 59 83 86 24 14 87 66 62 78 68 72 59 46 58 49 31 82 85
7  68 11 71 49 72 84 88 93 80 52 80 35 9  46 17 4  3  75 21 39 25 86 13 29 98 10 10
2  57 85 22 90 75 80 20 4  60 60 35 43 84 68 37 33 96 80 74 88 3  10 99 53 34 96 14 28
80 14 62 83 52 20 60 2  44 4  42 42 29 29 10 28 18 24 28 35 55 7  48 4  51 18 13 64 86 72
77 87 70 73 0  58 44 19 30 13 7  50 14 17 10 26 59 64 3  82 20 92 3  7  0  98 21 83 65 82 22
78 22 70 60 62 76 32 75 2  29 88 57 6  23 4  21 7  70 10 50 37 83 18 90 40 91 88 36 64 39 28 43
74 82 47 70 49 62 2  96 71 7  94 88 47 31 11 50 20 93 41 35 21 29 79 12 25 89 43 11 13 91 54 75 56
89 86 4  28 6  22 68 17 41 87 76 35 7  14 47 77 44 12 15 76 0  48 5  93 89 44 31 65 73 79 65 0  85 35
81 12 45 68 29 71 61 59 25 12 57 10 99 40 48 7  85 8  89 24 13 24 30 97 48 43 77 51 70 96 74 80 88 32 96
56 54 74 65 85 58 90 76 31 98 26 65 2  66 64 58 42 36 15 38 0  35 96 51 79 87 12 44 46 59 18 55 51 83 88 24
22 9  1  37 75 4  8  24 72 67 95 26 86 90 17 42 29 83 86 78 65 2  28 78 37 4  43 31 18 33 19 46 52 52 91 29 98
57 15 86 92 70 29 92 94 89 38 93 26 86 22 22 23 95 64 67 34 51 3  56 43 59 56 64 95 35 19 79 54 76 20 13 3  8  47
36 3  37 61 95 66 39 23 58 3  28 66 73 54 13 22 95 6  94 40 17 51 45 89 54 16 8  49 46 97 35 31 46 98 43 82 26 93 44
43 72 92 93 42 85 26 86 58 64 40 44 22 42 7  10 52 4  60 96 87 93 31 63 32 73 99 59 54 8  84 89 42 66 14 1  48 53 37 56
45 89 41 14 85 84 31 31 71 4  5  39 94 40 66 23 24 22 77 60 77 34 38 54 37 58 50 87 73 8  95 43 99 98 35 51 30 26 38 27 35
93 35 26 21 71 72 98 45 26 21 43 17 59 59 77 96 77 46 53 89 43 84 20 7  89 75 39 45 50 69 81 57 88 24 76 81 79 62 91 55 99 62
38 59 53 47 59 48 51 91 23 3  20 86 56 94 3  45 3  14 61 18 39 54 23 78 82 25 88 98 27 15 20 77 36 33 13 81 41 76 26 89 83 2  58
74 63 6  66 36 30 48 86 88 28 24 35 98 89 81 76 81 43 76 94 51 14 3  80 41 66 62 49 25 69 94 15 47 59 74 97 44 71 89 3  30 49 31 99
66 53 52 94 94 64 70 77 25 73 21 16 36 62 8  68 54 39 31 67 33 18 75 18 28 95 62 6  25 25 7  64 92 19 92 35 30 64 25 69 84 73 75 61 92
70 23 77 17 5  12 53 36 41 20 45 50 79 87 17 33 82 3  54 24 58 7  98 56 11 20 44 83 19 3  62 87 50 31 39 95 6  59 38 42 29 37 98 85 32 42
45 25 50 30 43 45 88 4  59 75 48 71 75 52 47 96 84 74 4  85 69 85 1  0  61 87 33 66 54 29 69 94 91 76 82 61 9  13 77 35 79 94 43 20 50 50 53
79 45 64 36 90 51 32 23 32 95 83 33 4  40 30 56 7  11 42 5  29 99 90 70 65 19 67 23 39 72 96 84 64 47 85 82 31 67 94 90 66 78 44 1  60 39 48 27
15 58 36 25 26 34 8  81 11 25 57 43 16 41 46 65 62 61 31 42 65 65 35 28 95 6  38 35 83 26 94 89 67 2  75 48 86 93 33 43 48 36 92 23 82 0  70 3  93
28 55 29 93 41 72 45 79 82 88 27 72 53 20 86 44 56 36 21 66 67 88 8  24 83 22 54 82 53 27 58 11 23 17 47 39 40 18 72 77 58 75 86 65 14 37 19 15 89 89
53 73 24 54 27 94 62 24 0  23 94 36 36 3  29 48 80 77 89 16 89 75 11 71 76 98 87 30 16 51 68 23 69 2  84 74 80 60 76 15 37 35 99 91 83 80 61 6  30 45 69
90 85 22 43 38 9  30 11 91 1  15 70 69 19 69 53 13 48 4  14 33 97 74 99 46 15 29 66 15 7  80 21 57 84 49 42 33 32 13 32 42 46 15 18 17 66 75 54 78 40 20 99
83 35 89 41 73 44 86 84 46 9  67 95 0  17 92 37 7  79 18 99 30 31 60 77 54 65 11 58 45 37 50 3  41 16 29 49 38 25 83 66 9  41 92 63 79 19 66 12 96 18 54 3  28
19 72 37 43 77 48 2  76 81 63 33 97 81 44 31 50 31 45 82 23 44 52 3  62 49 70 93 95 21 82 44 0  76 38 95 2  0  54 73 67 93 7  15 37 21 63 30 60 59 14 32 39 17 57
87 73 6  64 32 48 9  25 56 54 29 87 20 50 59 66 29 40 43 85 41 66 94 65 57 52 67 35 64 63 78 93 96 30 60 0  12 23 37 66 56 94 70 10 84 8  43 72 69 72 72 20 20 9  30
96 24 14 61 79 18 81 83 2  14 37 1  15 86 33 18 87 25 69 71 7  40 50 42 0  95 19 46 18 74 55 25 18 66 83 86 65 19 72 91 18 96 30 45 94 12 53 74 84 12 72 54 30 1  78 25
77 47 67 36 86 38 17 46 69 42 51 70 89 4  29 17 31 19 80 88 49 35 45 53 44 3  71 69 46 22 65 66 88 12 44 49 50 29 73 35 5  74 39 72 6  99 95 97 70 49 52 41 30 19 41 27 52
23 97 63 76 14 27 41 6  22 58 96 21 1  61 28 15 92 90 86 29 38 95 30 37 60 49 1  57 21 18 56 19 4  4  44 90 6  75 26 19 4  52 86 50 88 5  64 31 18 97 40 89 18 90 40 27 70 76
22 79 56 74 46 34 32 25 63 38 9  97 92 16 64 36 86 48 7  43 55 59 0  64 88 12 86 92 38 32 72 68 20 98 77 26 15 44 47 14 30 94 77 4  54 75 87 52 60 72 58 70 3  66 96 61 82 65 45
5  85 60 8  66 61 28 9  61 86 32 75 52 44 13 23 86 25 1  65 85 8  19 43 33 52 83 87 9  8  10 80 35 16 17 0  29 39 73 67 92 81 25 6  51 38 41 48 79 51 38 91 36 60 31 45 68 11 10 57
25 2  26 81 67 28 40 71 25 14 41 98 94 84 77 12 72 14 40 72 54 4  26 87 58 84 1  26 7  71 78 38 48 11 67 34 20 92 79 94 17 51 50 58 87 73 72 57 41 26 40 36 57 35 85 66 97 30 90 89 38
57 84 29 71 57 60 83 44 87 49 23 55 81 58 11 48 81 92 94 20 88 72 1  0  73 82 92 63 43 80 14 85 64 42 16 99 65 97 11 64 93 61 45 40 41 98 60 45 97 37 71 74 14 31 65 50 25 64 87 73 65 98
1  40 84 36 44 14 88 84 42 64 95 20 22 2  31 21 45 83 18 0  20 50 7  26 97 5  81 44 11 88 29 21 41 80 75 67 85 44 8  59 17 14 37 93 70 43 72 94 3  43 96 92 69 61 41 70 22 18 75 79 49 95 9 
