41
72
24 83
11 5  45
97 45 51 85
67 73 69 59 73
45 6  24 97 50 68
82 81 29 70 78 94 86
75 45 22 51 15 50 69 11
99 86 57 6  61 43 4  99 61
85 79 73 25 57 56 21 68 12 23
7  24 80 79 62 81 15 42 85 85 63
99 56 30 98 71 62 23 65 95 95 46 74
56 87 49 96 25 76 74 93 9  33 64 45 22
48 89 25 88 17 44 98 24 63 74 49 99 85 69
46 41 61 52 87 43 31 55 79 47 30 90 43 8  49
24 20 31 85 38 20 3  15 36 92 44 80 67 98 82 64
51 90 84 29 74 66 52 70 71 75 2  80 74 82 0  6  62
25 60 47 32 44 87 15 4  96 0  66 66 74 41 58 80 71 35
59 63 1  53 94 97 79 47 87 7  56 24 61 83 86 2  55 68 12
26 37 28 77 31 85 9  92 45 58 67 71 91 85 23 0  37 53 5  2 
40 73 29 51 67 45 60 36 71 28 3  78 47 17 29 73 92 95 23 60 81
87 14 87 13 74 39 69 29 89 47 29 16 55 38 83 4  80 1  33 19 40 60
48 78 30 91 98 36 83 38 6  9  6  72 60 15 50 92 83 26 93 72 73 27 79
86 32 7  88 78 12 30 55 10 97 53 55 89 48 76 11 21 75 15 0  18 74 29 70
75 15 68 8  31 0  62 76 39 48 75 18 57 59 46 78 46 11 95 27 75 76 50 19 16
26 88 86 37 74 72 96 43 2  9  16 23 38 75 23 92 23 94 88 43 57 95 39 58 30 15
43 77 68 7  21 3  56 0  22 5  91 27 94 52 18 19 6  17 89 32 14 97 63 72 23 1  89
88 55 61 92 28 49 41 52 94 75 59 13 75 7  73 21 5  69 59 32 7  14 58 6  23 31 91 60
98 2  34 14 94 57 90 36 58 8  22 20 47 47 78 41 11 34 40 7  63 62 70 94 9  3  44 63 58
93 14 98 99 50 87 4  63 87 17 66 25 28 69 69 89 54 7  89 98 93 9  48 4  52 70 30 27 2  76
25 48 95 91 40 98 56 66 34 2  23 17 36 83 69 99 49 76 36 99 64 80 42 92 51 34 12 24 43 36 30
96 61 36 99 55 52 65 3  98 85 52 94 13 38 0  69 96 72 80 65 9  57 46 25 99 50 55 18 5  44 73 11
55 88 33 14 45 46 42 56 55 88 89 42 47 99 85 9  98 74 2  56 49 37 46 31 5  60 68 95 85 49 53 74 81
43 81 57 35 99 71 42 67 61 29 69 75 70 8  82 7  42 68 52 15 10 22 39 6  8  36 12 47 79 77 69 72 59 33
25 22 49 59 94 63 19 45 6  31 84 13 13 41 63 47 75 87 93 87 97 26 78 55 98 75 30 33 68 24 68 7  23 49 65
59 70 37 64 92 37 54 55 79 41 84 50 95 4  36 5  45 79 27 54 94 84 48 94 73 32 71 57 84 59 64 71 64 18 29 63
47 10 77 22 70 0  53 45 33 53 23 84 27 57 51 14 0  79 58 20 46 62 38 61 25 61 39 24 5  57 36 74 65 24 31 92 82
50 14 6  30 92 20 96 60 58 34 77 35 31 16 1  24 68 85 89 9  38 24 58 20 97 54 6  51 60 39 21 7  16 77 49 38 29 76
25 32 96 39 98 68 22 91 70 60 70 80 5  71 99 37 13 68 3  86 20 1  82 98 17 7  55 90 84 44 50 87 90 66 90 40 84 29 88
58 66 53 0  15 12 99 97 6  73 45 89 72 63 12 55 75 63 50 48 24 8  65 74 97 80 53 33 20 99 46 76 82 57 47 47 47 74 36 9 
17 93 18 47 27 73 64 6  84 24 52 10 0  71 21 4  23 69 82 77 86 34 40 27 58 82 46 79 46 82 85 35 4  89 0  24 61 51 31 22 11
