37
73
47 36
58 6  37
54 23 34 11
51 63 58 37 84
64 98 86 94 36 49
45 88 11 59 90 18 23
11 74 55 93 97 94 9  63
14 76 42 80 8  5  15 31 83
5  64 7  81 24 69 85 82 41 0 
28 99 88 61 9  14 62 84 64 9  79
95 30 9  62 23 79 89 86 58 27 2  58
47 99 28 33 89 13 73 58 77 42 52 55 49
45 6  73 84 44 42 30 40 79 44 51 82 87 23
14 56 53 81 68 53 29 64 35 80 18 72 96 81 43
29 70 38 80 75 25 52 58 53 59 42 64 97 23 59 28
57 29 5  8  92 41 40 33 88 43 55 12 94 84 5  90 43
82 86 13 58 5  8  52 55 95 43 79 64 75 70 44 23 51 82
65 57 98 66 58 13 31 86 32 33 97 52 14 38 24 70 82 48 58
11 33 7  87 86 75 87 76 29 70 50 24 72 28 18 19 94 58 50 96
33 86 96 91 12 17 92 57 4  18 1  83 92 98 53 34 26 67 38 83 92
35 81 1  24 16 33 8  13 7  68 68 0  98 24 34 5  29 61 16 13 99 73
58 49 35 55 39 41 3  96 64 98 79 82 10 46 80 35 17 54 81 37 77 84 43
72 46 29 79 62 4  23 86 56 78 45 67 13 9  24 46 59 31 83 20 10 15 76 73
69 36 81 67 27 2  30 8  87 14 43 16 22 76 42 63 85 64 42 20 41 93 92 15 77
61 79 22 76 80 69 92 85 54 76 86 20 29 12 71 43 5  31 65 15 64 94 74 72 70 68
36 94 38 12 43 12 53 23 32 76 99 90 51 20 20 71 11 66 47 28 28 74 79 5  67 59 73
73 87 50 96 90 41 26 58 91 16 48 54 13 64 23 15 29 11 61 76 53 21 16 53 2  5  29 32
17 59 23 77 20 88 70 49 75 56 81 99 0  29 65 90 81 49 72 93 95 39 40 94 42 21 87 92 24
1  56 52 29 25 65 7  78 41 24 46 97 52 34 18 18 25 0  48 80 70 75 6  87 35 3  73 38 10 82
22 91 43 38 28 46 72 94 94 42 3  29 31 18 83 10 59 34 2  68 11 22 6  83 57 89 26 66 86 59 56
12 35 43 59 87 21 53 31 68 81 9  32 65 17 50 89 34 69 40 38 28 32 70 99 30 48 91 43 46 37 89 76
77 97 57 46 33 97 88 28 25 61 45 7  13 51 48 17 34 39 31 64 55 64 6  67 92 22 81 33 61 42 6  36 89
44 97 3  31 87 54 9  60 63 25 43 8  80 80 82 94 91 1  72 98 69 37 40 67 85 63 36 95 34 9  51 15 25 39
1  51 78 45 8  16 58 30 51 80 57 35 67 17 82 60 23 89 78 21 38 27 1  74 52 17 26 34 47 71 58 67 48 33 70
38 22 34 77 76 88 93 27 51 70 42 17 83 54 16 31 6  23 53 78 74 96 42 89 80 12 74 25 41 99 16 3  52 96 41 76
31 12 43 13 97 2  67 34 75 50 13 76 78 75 12 93 69 88 70 96 64 51 71 33 7  83 10 1  70 15 0  74 36 69 33 74 20
