36
40
34 43
46 9  88
39 66 41 19
48 15 41 50 49
66 52 62 26 98 55
40 86 5  4  72 58 53
43 56 56 93 56 22 46 41
46 62 61 72 52 0  52 29 4 
90 90 37 7  7  99 58 68 89 93
2  58 92 40 54 15 70 76 65 48 43
51 45 72 48 29 61 28 44 69 8  36 37
83 39 16 71 65 43 73 32 4  7  96 68 52
68 78 23 90 90 10 4  70 80 37 85 48 74 47
44 55 12 19 16 3  18 72 22 46 72 33 52 69 87
0  89 33 53 22 6  35 87 13 87 99 58 11 87 89 28
83 95 52 0  62 95 51 13 69 87 97 53 98 6  60 53 15
82 20 37 87 77 31 2  52 43 7  64 87 53 64 76 75 9  24
64 75 59 38 70 50 78 1  65 49 95 89 37 83 79 81 35 54 25
26 42 21 46 12 66 90 44 14 61 73 78 70 60 12 25 82 17 31 99
46 79 20 8  82 90 14 76 20 92 10 22 4  56 46 34 8  86 11 44 0 
21 55 39 15 64 70 47 17 81 64 58 38 74 89 63 95 73 71 17 22 81 5 
98 33 85 35 92 60 46 20 19 50 9  82 53 82 87 88 45 68 65 89 31 32 62
61 48 6  87 83 67 21 44 51 21 73 48 33 12 10 65 15 93 36 90 18 33 33 98
90 74 4  88 98 37 34 22 83 17 8  90 4  63 17 92 7  43 94 30 23 55 43 58 85
4  5  82 36 93 75 46 71 84 93 81 62 19 93 20 2  23 93 42 96 45 90 91 93 28 79
62 88 13 39 81 12 14 83 33 31 5  55 77 6  65 65 1  16 8  10 12 35 11 24 91 34 91
88 79 91 84 64 41 50 13 99 11 61 22 30 90 44 98 47 34 11 90 89 16 93 7  3  1  97 27
29 87 34 34 87 75 23 20 62 1  57 84 19 27 21 83 72 41 97 37 23 62 39 37 29 50 39 15 72
5  29 46 9  94 55 91 48 42 43 38 86 79 60 31 29 13 30 67 94 23 93 42 70 24 1  38 83 77 61
1  40 76 16 47 92 35 54 33 76 1  42 86 72 64 18 64 33 86 86 84 13 79 44 61 14 57 5  88 23 55
1  77 80 40 59 69 17 20 70 51 8  86 81 65 14 13 89 73 53 97 99 88 93 79 98 27 65 49 11 63 72 28
26 61 91 99 79 83 59 96 27 33 2  48 98 71 78 21 61 61 49 96 82 43 58 84 5  94 54 41 81 68 76 53 6 
7  15 87 55 24 99 58 18 24 86 68 84 96 1  78 78 11 13 12 64 60 93 54 93 9  98 18 10 92 60 37 88 14 28
79 15 88 96 93 33 28 46 34 73 3  58 47 75 58 89 73 54 96 64 29 92 86 85 89 41 58 73 31 72 24 27 16 59 28
12 96 23 2  29 26 2  60 2  94 90 73 51 85 88 66 49 24 85 48 26 69 48 44 16 28 42 78 19 87 99 9  13 3  32 41
