59
86
87 64
51 86 76
29 68 23 3 
85 73 4  38 87
41 78 48 17 70 96
47 16 29 82 60 24 67
93 62 24 38 15 13 38 73
53 99 60 56 2  65 49 19 54
48 54 66 59 54 86 22 91 22 53
52 55 62 95 3  61 42 30 11 85 94
84 76 75 58 67 12 61 98 89 60 34 54
31 57 91 39 96 61 99 19 86 54 25 98 41
55 5  13 47 26 10 0  57 4  64 42 98 86 75
4  61 74 19 49 91 33 1  48 42 35 38 89 20 46
44 61 50 86 64 46 76 31 97 55 24 87 37 56 93 52
15 31 53 35 83 90 32 48 85 29 72 16 2  91 71 56 28
62 0  94 16 58 92 88 45 49 62 14 23 73 39 52 15 95 17
69 91 53 48 75 9  60 37 68 20 39 44 46 28 66 57 19 23 14
65 15 60 17 25 52 27 72 49 8  40 44 78 74 81 78 49 47 10 29
33 94 72 99 91 48 32 85 0  87 87 2  88 86 64 26 22 48 9  46 17
73 7  22 6  39 79 9  35 78 64 32 47 97 13 62 7  48 28 95 20 8  18
69 74 9  18 58 64 77 97 24 54 17 8  86 2  41 81 22 41 11 93 35 37 98
47 51 26 36 24 86 18 1  85 17 31 78 28 80 84 68 37 30 82 28 2  9  52 79
32 57 52 83 69 44 25 30 33 25 43 6  17 92 12 41 83 79 15 25 26 81 65 65 68
49 40 76 90 77 98 18 6  23 95 75 14 26 87 16 90 30 25 32 90 19 10 98 81 4  8 
82 88 35 44 70 82 23 6  34 41 97 33 79 27 4  58 63 34 91 69 9  41 75 92 3  47 89
67 10 64 90 31 52 52 73 57 20 40 19 91 89 97 58 76 43 71 4  36 47 80 70 95 15 63 44
56 12 19 63 62 6  75 33 67 48 54 6  20 79 31 2  1  34 44 84 50 43 51 12 32 12 55 19 78
54 14 11 3  21 97 48 27 6  88 95 24 32 56 19 52 3  97 23 17 36 49 5  22 34 72 83 74 80 88
23 0  93 64 57 44 37 14 17 54 97 50 47 71 19 47 14 47 72 65 44 1  29 3  64 51 11 68 3  76 83
66 27 83 17 81 87 75 53 95 0  55 98 12 79 26 95 19 79 62 75 46 2  50 83 37 61 99 45 95 71 20 99
74 50 39 58 1  26 90 49 7  92 48 49 39 82 8  48 4  74 23 80 2  0  13 25 57 97 49 93 22 16 86 14 76
90 32 80 21 82 90 77 92 91 31 6  60 51 40 27 5  82 7  39 75 73 55 54 5  28 42 28 88 26 16 99 52 77 59
80 67 48 2  92 24 40 12 36 54 46 70 3  68 91 71 68 51 40 15 75 82 78 7  36 89 32 34 79 54 42 91 60 8  32
75 52 58 15 46 66 87 37 70 73 50 33 47 24 36 2  87 25 4  33 30 35 89 93 38 24 48 42 79 56 95 68 32 17 17 9 
73 76 36 30 27 48 46 5  3  51 85 48 32 86 37 33 41 21 12 22 0  67 14 14 34 88 78 3  71 60 87 2  25 24 85 97 86
15 91 74 13 33 66 34 93 34 73 86 12 93 12 14 86 7  13 66 54 61 34 47 6  42 69 81 10 70 72 73 4  89 22 24 19 88 79
53 4  87 75 9  87 47 46 97 13 61 99 82 5  58 75 22 57 60 54 36 1  0  26 49 14 17 2  11 7  8  64 93 75 48 44 17 49 85
6  97 68 76 83 92 42 50 90 16 48 48 67 99 49 29 44 80 58 16 75 60 29 9  29 26 5  63 59 29 65 86 81 47 97 23 81 24 19 16
45 1  37 2  63 23 96 78 84 83 66 22 60 63 66 75 7  54 80 23 79 4  82 47 37 82 0  54 21 99 93 49 6  11 76 59 24 28 73 45 22
22 25 72 52 73 86 48 50 95 54 97 46 78 94 13 56 51 18 43 16 51 87 51 51 67 62 14 72 50 71 78 26 72 63 24 97 49 87 88 95 89 0 
78 43 47 46 31 27 38 79 84 76 48 10 63 39 20 56 96 34 25 49 84 7  43 89 53 84 29 8  31 83 77 65 10 9  87 98 48 33 20 46 59 11 3 
62 28 83 45 9  84 81 20 71 48 65 18 79 41 64 55 37 84 26 66 63 20 85 22 56 8  4  58 4  73 43 86 89 51 71 87 42 62 5  11 50 44 27 58
77 54 21 4  80 82 23 82 83 75 82 53 91 57 52 35 61 24 59 93 22 84 37 56 46 80 27 47 68 83 22 29 58 16 59 46 77 39 11 15 43 45 84 7  21
54 81 31 74 34 39 21 84 58 39 84 61 70 8  90 55 96 46 64 18 97 32 93 37 3  66 48 6  17 7  8  12 29 85 22 65 61 83 13 54 65 79 10 7  80 35
82 2  81 19 94 43 99 24 22 11 61 53 18 75 69 40 83 93 58 19 44 87 38 98 7  12 32 85 27 59 11 54 52 79 65 61 72 26 10 30 20 47 22 23 41 12 38
55 13 44 94 54 35 20 57 47 96 55 47 74 66 77 78 33 75 51 74 66 80 94 28 82 64 38 7  22 9  5  36 39 84 35 54 83 20 78 79 97 40 69 48 68 46 70 76
29 9  43 88 71 87 44 25 69 54 75 34 40 57 82 96 45 87 40 78 75 34 24 25 53 48 53 54 63 84 90 67 0  61 0  33 82 29 60 67 67 31 74 85 29 95 37 50 87
29 3  82 13 37 61 38 50 38 26 71 71 47 92 94 93 56 19 22 65 96 96 59 11 93 42 29 73 75 76 99 28 50 46 45 29 46 16 34 47 58 61 58 19 10 29 68 6  39 75
65 45 45 47 39 26 75 18 0  93 60 40 78 7  22 76 95 79 45 74 89 44 29 48 98 50 62 41 3  69 97 87 58 25 55 44 42 14 91 99 88 99 3  19 15 14 82 73 60 11 74
37 58 79 88 82 89 46 64 61 23 79 88 60 2  29 1  62 88 90 9  70 49 59 27 86 39 65 82 56 67 58 83 19 35 9  24 67 92 18 47 23 28 87 0  23 7  5  89 69 91 63 53
92 18 40 68 87 24 41 79 14 87 35 75 39 99 64 13 76 72 41 54 79 68 33 22 44 87 66 97 83 92 77 43 18 65 59 89 11 36 16 19 24 55 64 86 38 15 94 71 4  60 39 85 80
9  8  52 16 70 13 96 1  45 61 72 5  31 25 48 56 43 29 3  94 15 48 69 4  65 20 16 3  80 86 83 90 55 6  42 7  38 75 95 30 12 54 44 76 52 21 67 70 14 5  30 94 0  12
46 11 9  80 95 51 88 73 39 28 10 42 80 62 71 27 60 0  29 10 45 89 59 86 54 6  90 99 93 24 92 97 81 52 83 29 14 13 79 10 11 80 14 27 7  33 12 26 45 16 36 26 12 6  49
20 50 63 1  22 72 91 97 61 10 35 81 99 84 19 56 98 19 80 54 19 89 21 6  12 48 39 41 38 39 94 99 99 82 0  67 81 9  28 87 30 55 25 69 32 52 80 54 87 50 42 75 43 14 94 12
79 92 52 34 56 11 94 60 72 56 99 32 96 20 27 8  85 60 74 79 23 14 56 25 82 62 55 91 22 99 78 63 11 42 22 33 33 84 86 29 85 4  67 10 20 46 19 75 56 34 24 12 95 73 73 8  61
92 20 84 56 38 69 78 10 50 26 32 10 31 32 70 41 13 28 7  67 99 68 46 76 26 8  64 5  86 61 42 27 9  90 66 36 44 85 10 89 82 16 22 66 10 0  36 77 26 76 66 33 10 84 43 91 17 59
42 86 91 4  80 81 66 63 13 75 7  38 88 47 13 32 82 41 75 68 53 94 72 8  84 35 94 28 68 97 1  64 4  17 51 92 40 57 87 54 88 35 20 65 34 79 85 64 56 80 5  72 63 47 7  24 30 46 70
