89
38
74 58
91 75 74
83 59 17 37
18 83 28 44 9 
13 58 72 44 12 39
10 95 34 79 94 94 91
73 30 41 10 94 95 12 65
54 18 68 67 34 48 76 4  10
60 94 7  11 23 24 98 33 17 65
96 45 79 59 19 22 51 55 19 47 27
10 65 0  26 52 91 38 1  99 21 63 82
16 97 22 71 76 87 4  73 18 35 57 9  46
77 67 64 76 55 82 24 25 64 25 59 63 48 53
39 48 52 69 16 89 18 46 56 13 51 55 65 84 50
89 23 49 87 60 65 31 36 44 0  17 90 69 84 17 67
91 43 19 74 76 50 19 70 68 81 5  89 44 43 23 50 78
26 86 49 76 31 41 6  58 19 94 74 36 69 21 81 43 24 19
18 33 32 21 44 42 40 50 7  72 57 57 17 41 76 99 56 37 34
82 79 55 15 43 7  91 52 16 84 36 2  22 35 3  49 63 10 65 91
12 18 27 46 13 51 87 64 76 50 64 23 13 92 43 61 78 32 56 5  28
82 72 50 55 51 71 94 55 25 67 50 20 15 30 7  78 55 71 84 2  18 71
64 90 90 54 64 44 29 52 38 66 77 96 78 47 31 14 43 40 12 91 42 33 67
54 1  90 96 44 39 99 86 10 76 8  35 56 2  92 91 53 32 3  11 2  17 40 28
15 96 19 16 17 19 50 89 13 59 85 78 24 68 23 58 99 39 58 71 59 94 81 72 84
62 20 76 33 34 69 21 55 99 30 32 6  16 21 47 0  61 80 23 59 88 69 96 45 38 55
81 7  11 74 31 63 88 20 35 0  87 49 64 5  93 36 20 10 85 5  7  77 31 61 60 28 12
9  77 1  59 28 38 52 22 65 76 85 97 43 35 35 25 89 97 84 51 87 66 8  82 51 84 62 9 
76 15 16 98 55 5  68 20 0  19 96 12 29 96 84 78 98 45 9  99 10 61 58 68 54 54 8  95 69
29 38 32 28 21 30 55 6  89 10 62 32 40 9  88 77 27 81 5  32 16 51 51 75 5  65 56 7  46 60
90 16 25 53 11 47 83 72 48 91 99 40 86 92 29 94 19 93 47 20 66 83 70 79 41 51 14 32 66 49 91
46 58 93 12 84 52 44 5  33 57 11 95 8  92 20 26 53 61 77 89 33 31 33 49 26 41 72 60 27 51 96 22
49 74 73 23 29 41 59 35 89 98 31 34 88 53 33 73 43 43 34 15 2  87 0  59 85 88 62 68 47 32 78 70 97
95 87 13 9  8  92 63 42 68 16 7  21 90 33 39 90 23 62 25 56 16 98 75 38 42 56 98 28 57 84 91 80 50 44
91 29 53 78 87 63 19 61 30 63 51 52 55 26 15 19 50 31 73 79 61 98 18 88 63 87 74 3  83 63 97 67 99 78 25
75 83 71 37 60 85 36 73 30 78 23 7  84 82 17 32 20 0  62 18 52 8  50 78 59 28 98 4  55 0  1  42 1  50 23 54
9  4  87 74 60 55 19 48 45 47 61 27 48 40 23 26 76 10 61 96 74 35 47 63 43 79 3  96 96 97 81 14 65 66 36 94 66
71 89 48 70 89 72 84 70 25 22 90 32 62 21 25 32 17 28 48 26 45 11 29 75 95 81 57 44 39 45 1  22 10 89 36 21 75 65
52 51 28 47 7  74 43 50 18 15 64 49 27 31 17 92 88 19 16 53 9  39 73 96 33 32 83 44 21 98 49 97 37 89 23 15 45 20 19
59 63 23 99 60 12 30 88 43 93 98 79 94 11 98 16 73 81 98 29 77 53 47 4  66 41 20 11 86 15 38 5  50 87 34 78 15 72 90 26
5  30 10 92 47 36 46 54 81 3  85 47 88 58 34 48 44 29 38 90 2  94 3  14 96 35 77 66 33 60 33 54 12 82 40 57 51 26 99 12 81
36 89 27 79 89 31 71 19 53 46 75 84 97 52 5  87 84 21 99 51 26 69 72 41 22 89 55 8  59 88 29 34 38 0  56 82 39 26 95 86 69 8 
80 6  63 23 88 58 18 63 60 39 28 15 6  27 84 37 25 74 98 9  51 24 22 83 94 31 48 83 13 82 41 1  55 55 29 47 77 91 29 71 14 57 0 
24 41 25 83 95 85 7  11 38 62 57 17 85 67 88 65 44 64 24 55 52 72 61 27 77 50 62 75 7  86 8  22 76 17 17 90 13 94 74 55 32 63 1  1 
71 57 10 58 26 60 76 55 51 56 60 99 81 90 43 72 50 30 13 94 64 68 87 85 87 84 62 41 20 86 71 59 82 11 15 25 48 66 33 91 40 41 40 25 37
64 53 13 26 3  98 59 38 14 26 7  44 90 88 27 40 35 85 49 36 25 23 26 28 60 80 69 63 42 85 41 30 11 79 37 86 13 2  43 48 49 54 59 72 33 3 
41 95 50 71 0  24 55 7  49 88 32 73 29 30 94 25 60 22 48 27 75 65 17 80 20 97 35 16 66 29 82 32 72 71 65 80 95 80 98 40 77 65 52 23 34 56 93
23 36 28 31 22 28 45 52 41 12 69 12 4  93 51 17 66 76 80 87 72 16 57 43 4  23 21 43 36 46 33 13 82 94 50 14 6  33 38 63 15 21 14 22 31 64 97 29
55 52 89 69 29 89 6  3  59 75 44 92 57 43 63 91 26 88 60 18 9  80 43 93 10 30 18 47 70 71 39 31 49 60 74 97 73 47 88 78 21 0  84 75 55 59 46 11 50
62 94 54 46 99 39 60 28 26 50 79 61 71 93 2  53 76 34 53 13 2  23 7  12 3  22 87 42 90 50 75 36 88 13 69 9  89 29 85 49 82 42 0  21 41 8  97 11 4  49
9  71 16 4  45 48 10 43 22 66 78 24 22 93 97 85 49 86 67 5  31 28 95 72 69 37 65 46 25 98 78 8  55 50 56 0  85 86 44 3  64 86 1  19 68 88 58 11 10 23 87
87 45 82 43 4  77 33 17 44 29 93 81 81 82 45 92 82 67 42 59 26 91 80 99 64 64 70 22 39 0  95 70 60 39 27 91 50 29 76 86 51 5  92 56 30 36 13 9  53 53 57 38
56 29 84 82 6  68 38 17 89 69 6  0  83 48 17 50 54 22 19 58 54 78 83 74 84 92 72 28 68 81 36 32 33 53 16 47 30 75 12 70 39 1  94 5  72 8  18 96 43 44 29 52 83
98 77 84 92 75 78 91 83 73 47 21 78 63 67 4  76 39 91 46 32 54 30 49 58 23 94 90 15 22 75 20 50 31 86 72 69 70 53 58 0  37 15 87 98 53 41 39 89 88 13 40 34 61 30
61 86 41 48 14 36 82 53 4  56 76 83 55 45 19 33 84 77 19 47 28 44 54 50 11 13 69 92 38 59 42 22 13 41 46 70 32 84 93 98 86 64 70 25 13 69 51 43 70 99 88 17 78 62 55
13 71 63 96 47 73 60 65 41 40 67 26 40 84 34 45 73 84 80 95 71 69 14 69 27 60 71 89 79 66 62 19 73 48 2  82 88 83 71 68 95 95 45 63 0  56 2  3  36 5  74 93 78 79 98 14
58 50 81 79 64 98 55 1  5  64 92 48 74 84 9  49 58 9  9  62 22 55 45 64 57 5  11 54 53 30 6  93 30 78 1  33 88 97 60 2  17 79 8  1  5  77 92 29 23 0  14 71 36 55 68 92 89
66 32 50 31 76 40 1  52 98 6  4  56 81 38 0  98 80 30 37 43 31 16 21 57 38 20 86 99 21 50 15 52 57 59 89 96 22 91 44 83 2  24 75 62 65 58 66 73 59 29 6  6  71 72 90 56 48 25
35 19 18 96 22 99 37 40 31 31 20 96 14 28 31 66 33 12 18 14 65 20 24 43 7  34 0  34 44 41 27 53 79 46 57 71 94 80 47 93 6  84 5  35 70 11 95 23 88 73 94 99 29 58 23 84 62 53 62
7  0  0  2  94 25 24 74 28 35 95 64 47 56 84 93 76 37 14 74 77 98 61 54 22 71 74 7  52 89 54 46 45 50 94 12 64 40 7  26 59 28 88 93 27 37 58 92 83 52 41 31 87 5  47 12 18 13 21 97
70 35 11 94 27 60 34 36 59 15 82 29 42 81 3  70 82 38 29 39 37 59 75 41 38 44 62 51 77 83 55 16 3  86 96 93 81 86 5  63 93 58 18 25 38 75 79 48 8  3  20 94 31 24 97 26 63 8  22 91 48
67 47 25 80 32 39 11 6  88 59 19 49 98 67 26 73 49 95 85 41 12 77 68 38 92 10 29 61 63 54 35 11 47 51 4  65 89 61 77 96 14 24 45 94 58 38 83 75 68 93 49 80 53 84 23 75 13 44 29 1  75 44
50 59 98 3  78 27 96 78 89 6  30 17 80 22 25 32 47 89 34 24 64 26 67 99 91 36 24 89 57 85 75 37 1  49 32 85 4  42 33 48 95 47 26 50 85 67 51 9  73 81 36 29 31 7  47 92 79 70 87 66 40 90 67
33 18 49 19 41 38 59 73 49 30 77 46 56 9  8  99 16 50 17 16 26 56 9  69 96 26 84 81 23 46 50 9  13 41 99 75 83 64 34 73 8  75 86 50 36 97 62 40 2  84 87 0  40 62 47 89 6  12 13 45 87 34 82 42
16 73 34 67 19 42 49 67 74 81 89 80 32 64 29 4  92 99 4  27 71 54 81 39 85 29 73 33 15 2  47 39 9  59 9  13 38 32 53 98 26 35 23 8  28 17 8  1  80 8  66 23 91 40 12 29 48 81 39 4  94 58 85 86 38
17 16 86 13 8  4  99 85 50 33 69 39 93 15 19 38 17 70 75 3  54 44 7  83 82 67 31 94 8  86 39 71 22 67 39 98 88 38 11 89 12 78 65 1  42 8  13 78 68 16 11 98 65 21 60 48 15 80 36 81 52 6  71 20 42 47
4  91 88 34 18 91 99 31 68 87 32 99 34 62 17 19 2  38 15 32 93 24 59 25 27 85 38 52 81 39 95 64 99 21 27 35 55 6  11 26 81 39 20 39 72 83 12 72 71 21 51 36 69 33 72 67 59 83 85 63 10 96 33 63 62 59 29
65 21 37 38 94 81 70 46 19 38 55 2  95 39 94 50 81 87 28 46 46 43 90 50 75 0  67 68 95 70 84 61 48 46 97 89 55 38 79 86 56 88 98 96 90 24 24 43 6  62 42 77 54 81 21 78 75 73 90 71 28 21 81 65 10 15 87 20
87 33 78 58 50 11 18 49 1  40 92 35 13 88 69 76 34 54 56 86 85 33 44 26 14 82 65 39 27 56 80 39 33 55 68 43 23 42 35 7  60 45 77 7  5  66 77 63 20 69 58 32 53 41 79 72 38 84 18 47 76 58 29 4  79 4  30 20 90
0  36 55 67 10 9  60 1  20 79 52 41 24 62 91 72 96 38 68 50 67 23 28 95 53 35 49 73 95 60 77 82 40 91 21 8  32 68 64 32 49 70 29 92 87 99 1  82 16 6  16 26 0  51 69 79 33 13 1  27 8  25 45 5  81 35 8  41 69 51
12 41 96 50 87 0  81 72 35 93 24 70 94 27 89 79 17 98 53 51 25 14 74 78 82 92 71 8  36 79 26 22 29 37 20 82 25 56 19 52 17 42 70 90 57 43 12 31 37 18 1  58 36 18 74 68 69 20 4  23 44 89 96 81 43 94 94 78 59 41 12
66 49 58 87 63 89 10 54 79 53 5  80 66 86 57 83 94 12 18 71 40 60 69 92 62 79 50 7  5  41 4  62 63 59 68 30 92 14 19 38 69 98 7  2  46 35 80 4  97 50 21 46 33 6  76 51 94 34 83 61 90 5  24 25 80 3  10 96 1  78 48 88
93 5  80 90 87 57 94 66 88 39 10 11 15 63 73 12 66 30 16 67 72 35 71 2  82 7  92 98 69 35 20 73 83 12 8  49 14 5  35 57 71 3  81 16 58 77 65 22 20 57 23 38 5  74 81 9  86 8  25 33 55 25 57 92 11 89 81 48 10 85 8  64 43
53 67 31 40 29 63 40 55 84 44 91 83 69 52 70 80 99 60 99 78 62 69 84 92 84 20 81 3  53 61 94 52 66 62 76 38 53 52 3  89 62 67 36 32 7  89 17 11 68 24 72 77 41 20 50 30 29 79 84 91 33 4  17 40 77 19 76 68 40 57 80 55 63 67
87 49 61 6  53 53 82 31 88 3  66 69 33 40 64 5  49 19 45 12 52 43 82 91 46 68 24 93 54 64 64 98 81 29 44 76 69 78 82 32 39 98 6  28 84 46 22 0  99 87 45 3  68 69 62 96 32 75 43 5  8  4  86 14 26 84 55 22 33 20 24 6  41 38 94
2  61 45 48 24 49 73 4  45 51 78 5  42 7  22 43 62 11 86 60 38 83 16 48 50 68 31 13 87 31 23 94 22 7  62 88 32 23 70 76 85 23 73 56 52 6  66 59 82 71 84 93 19 72 35 29 93 84 59 40 44 83 39 16 61 21 37 98 26 97 70 33 90 81 6  75
84 6  30 9  85 76 7  33 64 46 97 9  0  2  34 24 88 43 1  96 68 5  9  30 52 6  36 1  5  11 69 99 54 66 83 65 11 31 61 2  95 39 95 55 54 20 3  94 22 95 80 77 73 42 93 89 24 25 14 67 44 1  41 95 31 17 70 60 77 49 4  46 40 9  43 22 22
68 57 39 58 45 96 61 40 16 7  38 16 17 6  69 38 28 33 45 23 17 4  49 62 0  64 93 98 0  4  71 41 17 5  36 85 36 57 53 25 51 13 18 47 49 51 18 36 7  28 45 28 96 98 71 14 22 47 8  77 65 93 85 78 46 82 60 98 64 55 82 39 5  24 77 13 7  13
68 83 16 5  8  77 46 23 30 5  43 34 74 51 46 58 69 97 92 17 41 37 18 81 95 42 36 44 66 86 75 96 1  9  36 17 78 49 81 67 73 45 27 68 83 5  30 89 91 29 79 54 77 47 39 51 62 82 24 19 47 88 53 95 86 37 50 9  3  67 11 47 37 64 14 98 26 58 33
40 63 15 12 91 11 36 41 83 93 93 36 48 83 58 85 54 19 12 13 53 70 25 58 8  28 40 99 75 28 19 38 49 6  17 76 11 89 67 1  69 73 14 64 89 14 85 32 39 81 12 55 2  93 94 13 15 38 66 51 77 0  97 73 85 12 5  0  21 76 43 9  98 95 68 26 52 83 23 73
12 85 68 75 74 24 12 24 80 37 20 47 74 20 1  21 28 84 33 99 27 73 2  84 68 27 3  41 58 66 55 45 28 79 80 65 36 58 25 8  18 45 69 63 47 27 60 7  23 5  64 85 62 26 82 55 17 70 91 84 67 89 42 42 65 65 27 76 42 96 0  35 58 65 7  39 61 30 5  77 81
92 83 65 18 84 97 59 70 8  23 11 13 80 75 16 32 63 14 39 22 18 84 83 96 56 35 78 74 80 6  19 95 47 80 32 29 29 67 22 41 9  93 50 37 70 61 24 28 34 79 7  37 30 30 76 17 52 46 37 0  0  60 61 66 44 46 19 95 9  98 62 31 22 56 29 44 40 12 96 6  59 75
96 28 0  90 24 14 92 56 5  56 41 96 75 10 59 39 47 7  83 0  75 87 76 21 46 61 40 59 72 81 74 50 28 6  53 3  15 92 34 73 67 78 80 27 11 46 88 65 45 7  0  44 64 51 77 33 45 49 89 49 64 61 24 97 24 12 14 75 95 23 10 54 89 70 93 48 94 80 9  87 63 51 16
3  35 37 47 60 63 24 94 87 1  20 52 20 36 6  58 30 54 5  47 87 53 19 31 82 68 98 35 93 47 32 60 35 98 41 14 66 79 48 69 87 88 54 13 52 28 66 71 43 89 76 4  33 18 25 99 63 5  5  74 59 67 74 93 47 74 7  97 97 52 94 86 50 60 17 58 72 57 43 44 74 2  49 46
66 75 35 20 67 78 34 76 14 52 24 41 44 56 21 44 85 63 98 30 20 25 33 52 47 43 32 52 6  82 32 27 35 50 67 33 88 16 36 99 33 29 65 68 72 13 6  72 28 28 95 86 45 4  9  6  45 22 38 70 56 85 18 91 95 59 6  70 9  73 16 3  36 37 41 30 57 62 91 94 93 63 1  11 20
7  21 73 51 49 9  54 28 64 39 45 17 64 5  0  76 21 88 36 95 22 47 90 86 38 33 9  10 88 52 93 98 72 19 49 56 49 81 87 19 49 67 22 76 37 86 68 7  54 81 4  45 13 64 68 32 16 23 32 96 24 13 13 22 97 78 42 57 15 34 88 43 33 48 99 25 57 62 98 94 18 10 4  21 7  66
70 32 89 55 58 66 60 5  18 51 44 12 32 28 58 51 56 59 62 60 53 5  40 82 62 16 79 29 64 32 93 81 67 34 22 22 63 65 75 34 76 4  7  73 62 67 99 65 51 55 87 83 73 47 52 46 0  67 14 17 52 45 39 80 28 50 96 13 2  68 27 13 37 63 27 92 9  12 2  53 8  78 43 76 2  13 14
80 67 24 59 46 33 44 21 38 74 62 57 89 28 83 38 96 35 49 80 28 1  82 24 31 79 40 94 64 57 55 18 11 40 34 88 52 89 16 9  74 84 78 18 47 49 0  33 42 19 8  76 99 65 78 41 87 93 43 8  82 57 55 91 75 32 19 61 53 59 43 29 58 89 44 0  96 33 7  59 46 10 51 86 28 65 64 15
14 47 45 47 98 51 29 17 74 27 39 21 91 49 39 5  75 98 44 32 50 67 18 48 62 77 82 91 45 27 62 45 15 69 1  27 25 35 30 41 1  2  64 81 70 4  52 10 28 20 74 90 94 73 41 3  29 0  22 18 58 39 35 12 49 34 21 70 98 85 81 39 86 73 3  2  66 83 54 98 9  90 95 64 73 3  89 1  98
