46
84
50 50
38 33 86
34 48 55 31
99 48 82 18 31
36 43 83 76 10 93
33 95 71 19 14 97 31
56 70 86 2  81 5  19 31
56 75 40 76 19 66 31 39 20
2  95 93 34 85 29 77 18 15 9 
73 15 34 87 81 42 46 49 63 46 44
24 25 10 21 91 56 90 28 71 51 26 71
55 56 68 80 58 47 51 6  32 37 50 48 53
22 25 61 63 73 24 88 18 81 40 60 35 96 29
34 36 52 49 56 12 44 18 50 78 94 81 32 18 27
87 72 58 35 14 37 19 78 46 84 22 21 90 21 99 61
58 73 60 37 33 27 76 11 18 66 30 95 60 97 91 25 93
53 45 99 82 11 4  75 39 7  26 25 3  11 1  2  29 48 48
51 60 74 36 17 30 26 6  46 55 57 76 31 52 17 56 30 86 0 
41 45 43 57 20 18 40 6  15 87 66 90 35 42 56 35 8  42 76 29
27 65 3  83 2  16 84 18 24 61 13 0  51 65 91 78 69 99 45 68 39
83 21 47 21 90 78 41 95 22 10 94 8  82 72 89 30 55 27 80 16 16 18
50 19 30 23 96 77 35 20 83 80 65 47 83 43 2  3  89 56 64 87 64 31 43
29 37 40 6  39 85 81 61 98 50 92 63 35 52 79 55 96 29 96 64 97 99 55 15
51 11 88 51 71 86 67 73 78 66 4  35 37 56 26 25 64 90 22 84 16 58 58 82 29
69 64 35 71 5  11 86 78 30 70 5  19 96 64 64 65 55 92 71 7  77 65 81 99 58 19
19 88 50 6  60 18 60 36 48 43 56 67 76 66 48 62 16 50 51 95 47 35 33 53 78 91 40
17 92 66 89 86 41 60 90 61 64 51 90 78 73 4  16 71 84 32 37 98 98 8  90 41 4  14 53
98 6  65 18 16 59 19 62 34 55 87 53 45 65 6  71 23 79 45 39 99 14 24 50 40 28 86 19 24
63 64 66 58 52 39 47 17 1  95 75 5  10 10 43 73 66 60 60 12 68 97 37 66 61 34 60 21 57 74
3  78 4  48 51 48 97 83 44 32 43 47 86 85 13 49 47 46 61 75 86 71 40 4  15 49 52 57 99 36 85
21 67 57 59 19 70 85 25 43 10 33 95 55 64 59 79 83 41 38 99 75 32 52 81 49 66 56 48 74 12 82 20
44 96 14 61 53 57 98 61 13 96 4  67 44 82 6  20 94 44 33 43 72 3  14 6  93 28 22 86 58 77 83 84 85
42 7  44 87 95 37 86 27 3  9  0  50 37 92 19 20 26 56 72 79 23 45 33 53 42 97 11 55 14 16 68 40 22 83
72 70 35 15 54 15 56 49 16 66 13 0  93 36 52 17 30 14 56 34 97 61 66 78 1  53 53 18 83 75 36 73 29 24 2 
7  90 73 4  1  33 51 72 36 52 69 56 93 2  68 44 10 49 45 28 43 93 44 48 43 27 81 43 69 22 44 0  70 65 61 13
85 2  24 88 47 86 53 75 69 20 26 53 10 35 92 62 32 70 60 17 60 97 38 73 77 23 86 32 69 25 86 0  21 56 68 88 0 
34 38 83 63 36 86 34 64 59 3  37 67 48 72 82 32 79 87 22 78 74 45 55 10 26 65 16 44 74 70 82 83 15 69 15 48 81 97
81 69 15 59 44 38 57 61 79 59 74 86 21 89 15 68 22 9  86 72 52 4  3  37 6  37 9  15 17 87 97 54 80 70 85 9  16 35 84
80 44 4  11 16 55 29 5  93 95 6  10 25 52 37 94 50 0  91 52 78 0  28 28 10 75 40 1  98 63 82 64 77 92 34 52 4  31 1  91
74 67 88 95 60 92 75 43 25 41 11 70 36 3  10 19 79 41 68 38 43 44 20 20 86 65 77 11 85 5  13 81 46 55 81 85 64 92 95 56 94
17 17 77 2  92 14 72 51 72 14 5  20 35 81 84 27 16 82 51 20 92 67 3  40 23 2  13 84 34 5  97 85 35 80 43 70 67 26 91 0  76 34
4  99 35 75 34 25 88 90 38 81 8  88 76 93 33 68 19 45 80 76 23 39 24 4  5  9  75 97 93 53 84 98 8  36 11 69 78 37 75 96 94 11 91
79 89 70 68 31 47 76 85 85 70 11 36 34 59 91 89 52 37 97 5  44 12 9  3  93 45 15 79 86 28 20 19 50 8  2  0  51 51 77 43 68 76 70 84
21 39 11 53 73 24 59 52 26 50 45 75 64 12 72 82 23 44 59 45 6  37 50 52 82 39 92 96 51 24 87 79 26 51 44 30 52 98 89 50 84 97 63 93 97
84 5  48 48 30 33 8  5  13 32 93 76 16 47 52 25 66 80 54 13 28 4  19 36 62 47 20 72 29 66 51 1  87 68 53 93 48 53 96 28 60 8  7  72 76 21
