53
55
19 86
20 82 66
9  49 1  0 
83 58 39 15 98
24 28 88 0  38 32
56 4  72 59 11 44 94
36 10 51 75 36 91 14 27
82 9  84 88 59 76 48 85 11
70 24 70 99 55 53 48 15 28 63
9  78 30 54 21 61 77 0  82 34 52
90 0  93 85 26 71 10 85 4  68 51 77
14 20 49 49 45 90 68 90 58 23 8  41 79
5  41 96 79 74 35 58 47 89 81 51 32 34 49
75 84 96 25 96 13 69 26 69 87 68 41 53 83 44
64 39 17 46 92 80 75 34 70 63 69 58 1  63 29 75
56 40 37 88 96 84 69 71 59 80 22 31 47 51 43 37 79
54 10 85 8  34 77 66 55 80 62 56 93 98 36 72 85 84 31
62 56 24 21 86 61 35 82 16 75 64 86 90 25 5  40 44 76 32
76 5  56 81 69 1  93 80 37 71 97 44 72 31 22 37 74 25 76 46
1  54 55 81 32 44 43 37 26 77 95 42 19 86 26 86 24 31 45 81 91
28 31 56 76 31 81 51 94 73 56 75 32 79 97 42 31 34 51 29 85 14 68
17 6  10 61 96 74 96 39 59 50 17 25 13 92 80 16 60 35 70 78 99 13 27
98 57 57 31 16 1  7  53 61 92 39 88 16 24 50 3  70 12 80 32 30 34 0  99
66 76 1  10 7  4  51 35 75 14 98 83 16 99 56 79 44 32 40 64 99 48 16 23 1 
39 21 59 4  18 91 46 70 40 62 79 49 68 63 51 0  64 54 89 43 52 66 66 23 5  75
46 82 0  14 71 24 82 96 2  46 21 69 92 0  38 51 36 16 45 11 11 92 85 44 27 82 62
3  53 92 74 40 91 44 24 6  33 13 13 30 53 66 78 55 11 28 89 16 71 55 77 78 48 53 80
80 37 37 48 21 10 44 40 19 30 50 40 21 49 83 19 66 7  35 71 96 26 30 46 64 12 99 94 56
33 22 14 34 7  51 45 43 9  11 92 13 27 68 53 64 5  82 90 87 59 41 85 95 93 60 24 45 89 0 
71 65 74 87 40 47 1  90 42 37 72 28 6  50 93 14 31 90 59 19 85 10 76 13 39 53 7  7  50 94 23
95 92 17 28 11 2  28 11 83 92 63 10 18 92 88 73 17 53 98 18 7  52 93 57 80 12 33 22 56 46 74 50
79 50 42 38 50 30 82 96 9  37 37 56 86 39 94 56 99 94 83 42 51 65 54 49 95 68 17 49 97 90 42 74 8 
49 81 69 49 62 61 70 15 29 82 47 41 99 88 11 33 47 60 34 91 29 1  78 50 57 52 39 19 73 97 12 19 41 52
89 47 11 47 26 69 95 3  25 28 46 52 69 23 60 60 17 39 98 68 10 86 98 96 89 25 8  65 40 23 93 5  20 96 4 
96 59 73 47 66 83 45 27 96 16 80 57 62 79 33 6  74 1  55 44 32 84 64 71 12 78 31 30 86 39 18 31 52 4  8  73
36 84 34 45 66 27 0  47 18 41 54 37 71 97 28 37 13 40 0  57 52 78 97 48 12 23 57 47 48 40 53 1  38 98 66 88 53
57 9  47 97 69 19 46 23 49 87 28 46 95 49 42 3  54 91 27 92 19 17 40 95 93 30 35 46 29 39 81 99 40 43 22 2  53 55
66 2  79 88 38 42 33 61 87 16 71 38 4  15 57 37 25 80 55 41 86 16 48 15 81 20 25 81 49 53 46 23 10 25 90 58 32 92 54
22 7  13 91 50 94 96 71 77 48 79 6  40 21 23 51 78 4  47 23 35 92 45 8  86 69 82 13 82 74 14 73 46 60 20 19 19 38 92 88
1  56 76 45 65 19 84 87 64 88 99 97 26 32 34 62 63 71 72 76 26 1  5  14 65 35 86 1  96 29 40 78 61 16 50 62 27 78 65 65 73
31 34 47 30 95 87 35 71 20 35 70 63 61 42 53 81 13 70 88 67 16 72 27 21 6  36 5  97 87 46 1  65 89 24 68 6  18 58 59 10 52 40
76 3  99 40 66 28 50 83 5  36 12 51 36 45 45 28 45 22 70 60 59 25 75 43 32 59 47 20 79 13 22 12 33 57 27 66 6  83 36 86 54 53 6 
35 71 63 47 53 24 35 76 95 6  34 1  29 95 97 59 11 39 36 64 81 68 78 14 45 80 45 91 0  76 38 87 86 25 45 79 64 74 1  46 76 62 16 62
2  4  43 52 7  68 97 68 39 32 90 34 98 94 88 66 85 52 40 15 15 79 92 99 0  1  18 13 71 75 51 40 1  48 76 31 19 17 47 25 1  36 27 57 14
37 81 74 60 22 29 26 58 43 77 67 45 58 53 4  51 29 40 21 55 96 52 84 87 28 78 88 97 46 85 17 36 26 44 58 15 0  16 40 87 86 77 98 36 17 63
0  14 23 53 60 51 26 51 31 38 85 27 14 10 7  45 52 91 82 50 47 39 74 16 63 46 55 50 38 50 30 14 40 70 92 73 29 85 71 93 44 92 4  58 96 29 2 
58 24 27 89 62 48 60 92 20 55 56 62 46 96 19 39 89 70 70 1  36 78 58 57 19 58 73 77 10 8  88 44 96 67 78 44 60 74 52 12 13 31 98 85 88 64 66 89
85 79 1  30 9  62 35 0  89 18 14 8  48 16 0  24 35 3  45 16 64 83 77 3  25 73 21 67 14 52 70 18 65 96 9  34 22 48 86 1  34 38 0  94 35 95 66 72 73
74 86 99 51 42 17 64 29 77 87 7  12 28 63 14 4  36 89 35 59 46 38 68 47 69 10 62 99 66 66 74 95 58 57 59 74 15 8  96 23 26 45 50 11 17 87 0  15 66 54
5  88 86 35 90 62 0  75 96 11 12 78 86 43 28 9  81 94 78 17 57 66 1  80 61 27 49 59 54 82 59 35 32 93 48 56 43 17 21 89 41 17 10 69 33 39 23 83 16 14 66
22 47 2  11 17 35 10 76 53 75 47 30 13 59 78 96 32 22 31 37 13 44 88 96 45 91 1  50 66 37 55 23 41 6  5  50 19 43 26 56 41 79 69 53 47 71 65 68 63 48 11 51
11 12 30 5  70 96 5  55 21 6  92 33 60 44 91 61 1  48 56 28 63 39 55 16 23 47 56 9  24 1  8  13 3  83 39 76 92 66 92 97 86 61 86 5  50 36 56 44 26 43 34 71 70
