24
83
16 15
38 96 78
72 8  96 1 
31 15 52 65 21
25 5  65 93 32 28
5  42 3  11 79 81 99
14 69 34 97 12 82 53 71
63 28 95 45 61 78 75 90 26
23 18 78 90 68 68 12 39 16 32
73 78 52 61 23 68 14 51 39 57 49
59 35 1  30 67 13 71 50 68 61 16 47
33 59 75 42 25 73 52 39 70 27 46 89 89
70 10 55 79 55 67 23 62 85 83 7  55 7  97
21 39 34 45 41 98 32 63 89 62 14 66 22 68 19
34 40 95 62 76 20 68 36 38 18 42 72 96 87 34 62
38 36 4  37 3  80 83 41 43 47 64 62 0  83 9  4  99
91 64 25 0  67 79 14 96 41 28 87 48 2  8  51 75 59 5 
66 17 94 5  98 43 29 8  95 19 22 91 35 51 43 65 27 66 90
36 26 49 47 2  9  12 96 97 58 22 10 72 40 65 24 68 82 94 70
82 83 18 77 50 34 40 79 71 44 86 11 79 45 18 52 99 92 46 81 99
67 20 15 28 4  79 43 5  81 5  49 45 77 86 1  23 93 39 37 77 21 82
45 55 69 66 0  22 59 31 80 53 3  14 22 78 58 84 44 29 38 19 3  64 40
78 67 90 76 45 43 43 20 68 88 87 48 65 22 2  54 35 24 61 79 92 37 98 22
