55
53
63 3 
57 49 50
0  61 57 60
24 16 68 80 17
26 46 39 22 11 80
95 96 29 25 49 42 9 
2  29 97 19 51 98 10 94
79 82 46 70 3  46 28 57 10
47 70 18 62 93 16 69 75 72 65
98 94 62 35 22 47 34 72 92 53 52
22 62 18 31 60 92 10 54 52 38 33 77
31 44 81 10 81 57 34 80 93 59 50 42 89
14 21 22 31 35 64 98 75 54 19 63 50 87 73
35 0  57 41 20 77 83 77 74 74 24 52 99 51 46
7  33 49 82 13 38 34 69 24 17 57 15 88 13 36 33
73 9  58 28 63 85 78 20 10 4  44 4  55 85 38 74 91
62 23 93 73 75 24 62 0  7  44 73 97 75 58 31 59 68 34
36 27 54 46 50 1  63 95 34 87 40 93 66 40 35 2  41 73 87
40 78 86 1  58 86 3  10 31 47 72 42 96 14 41 8  10 29 38 60
80 24 28 77 79 50 84 24 86 37 80 56 9  8  22 26 56 39 53 57 91
43 22 75 67 32 31 30 74 61 53 69 92 8  59 33 37 36 58 78 0  99 86
99 1  29 2  13 79 30 47 12 0  80 58 24 74 48 95 57 18 99 27 33 11 4 
56 27 22 58 93 75 94 55 1  95 90 62 12 14 63 13 33 49 94 27 84 46 89 16
86 26 42 32 30 46 52 34 60 41 82 30 63 7  68 26 56 78 9  73 34 1  98 22 73
9  61 68 23 71 10 46 66 88 36 94 40 17 7  79 79 21 11 57 30 24 54 74 39 63 14
71 5  84 45 12 55 23 75 70 37 69 57 86 29 11 33 8  97 35 48 82 90 37 95 8  18 42
24 26 91 92 63 46 39 95 54 14 83 3  41 73 12 97 5  11 22 70 44 11 37 29 92 86 43 89
87 51 99 48 53 67 57 14 3  4  56 69 54 13 60 11 76 93 57 30 55 23 77 72 64 61 4  82 74
66 83 34 52 33 8  46 79 76 49 86 5  63 4  64 7  79 42 77 96 54 4  8  21 25 11 2  4  36 61
26 65 55 26 65 66 91 30 96 92 32 80 52 65 64 18 4  76 73 53 92 69 76 87 93 18 22 47 24 97 9 
58 13 48 59 42 85 77 54 41 77 84 13 30 37 97 67 77 97 21 75 46 91 20 99 95 78 54 77 78 6  0  65
27 41 71 28 95 55 64 23 34 8  70 3  31 31 93 89 59 10 30 2  76 16 32 84 46 2  9  75 48 63 63 12 81
24 80 6  36 21 50 89 39 38 37 48 83 60 78 48 64 83 45 48 72 57 86 69 36 86 10 74 99 89 32 73 89 11 71
73 64 75 78 47 58 72 95 1  80 10 11 72 50 21 40 62 1  97 66 62 24 71 49 44 51 31 10 3  72 41 13 34 91 33
35 48 12 18 35 99 27 75 79 90 32 87 59 52 77 61 6  20 69 30 21 11 44 65 35 30 34 34 87 57 20 52 5  35 99 40
42 29 95 75 35 73 54 57 14 60 87 16 99 47 0  41 54 98 72 14 95 98 75 68 6  3  67 97 25 22 56 12 36 89 96 93 43
49 21 60 22 24 41 4  19 89 37 39 12 97 20 76 2  29 39 43 19 15 63 41 47 23 62 25 51 61 30 53 81 40 91 93 75 36 6 
93 63 25 69 56 60 7  66 8  32 61 41 4  97 64 55 76 86 21 87 66 62 76 44 64 41 79 93 52 14 10 24 11 88 96 21 44 48 36
16 77 37 52 13 26 22 94 60 63 6  54 50 12 49 17 83 61 75 18 86 94 82 77 99 13 13 36 23 40 85 58 56 34 15 78 50 6  47 33
97 78 49 28 47 27 77 42 37 89 93 67 70 73 73 61 34 78 47 48 46 2  9  50 86 47 85 6  47 27 37 40 19 46 89 69 4  94 89 36 24
20 80 18 82 54 43 12 39 89 14 60 64 65 67 89 3  15 23 81 25 42 41 96 6  60 97 26 96 69 53 36 3  13 8  76 83 4  52 72 89 33 92
24 26 69 6  69 25 87 72 23 70 53 96 2  15 63 33 74 4  42 49 41 25 67 79 51 2  51 64 7  25 48 12 89 76 36 22 7  18 78 78 35 93 6 
75 41 91 87 57 85 45 40 6  87 33 88 58 6  1  77 33 20 98 82 52 64 14 76 0  24 84 15 61 81 1  23 46 4  12 34 26 1  17 95 81 94 78 15
2  15 82 9  79 12 47 81 64 95 94 35 95 27 85 73 36 96 21 30 0  14 88 91 30 75 55 66 27 40 92 65 15 67 30 61 52 97 68 40 8  24 5  89 86
51 67 56 93 91 43 9  45 35 32 51 8  0  47 28 33 23 32 54 56 64 26 90 33 9  19 59 39 89 23 50 80 41 9  8  11 33 16 59 97 9  74 75 4  21 10
8  70 56 92 49 18 13 62 86 18 59 71 68 59 81 49 13 20 64 26 26 25 19 86 57 69 57 68 12 13 47 42 93 68 41 28 68 58 28 3  88 82 61 97 52 2  2 
6  8  90 9  64 11 39 46 35 48 80 96 24 96 72 23 76 92 75 83 32 28 93 2  20 52 6  4  9  23 46 22 79 84 21 24 83 80 79 35 43 20 62 96 49 70 61 90
41 89 53 74 73 94 8  94 69 3  53 30 18 22 95 57 36 99 8  55 60 15 77 14 56 71 30 79 4  84 87 18 57 44 31 89 56 45 13 6  85 4  39 38 63 38 87 1  30
44 41 25 43 56 40 61 76 50 24 89 48 50 48 9  27 17 45 57 19 10 43 8  3  13 53 86 31 39 35 3  1  1  12 84 70 51 84 59 74 46 11 46 21 68 64 97 96 65 19
43 60 57 32 66 28 9  35 86 23 58 35 91 53 86 40 38 82 0  30 64 67 36 55 57 20 32 69 83 27 46 37 95 40 84 70 14 57 12 76 19 43 32 56 68 21 12 25 98 39 60
4  73 26 43 3  22 80 32 62 65 3  11 88 42 67 84 58 26 27 12 81 48 57 69 42 6  32 61 50 50 41 37 2  79 42 84 95 51 2  7  52 25 9  20 77 35 21 24 12 34 24 90
99 91 20 45 65 28 94 36 3  13 88 6  1  18 88 55 9  95 30 74 64 47 69 49 54 47 20 10 8  55 16 39 98 72 4  66 8  75 44 34 36 89 25 16 58 40 39 78 32 81 61 85 54
92 77 97 7  79 0  57 73 70 42 66 15 24 5  51 84 1  87 85 37 38 34 44 37 95 40 62 56 31 55 90 60 57 57 97 83 55 24 10 44 19 1  2  82 12 11 94 80 16 95 43 75 23 8 
13 35 98 93 83 36 91 40 89 42 59 9  41 85 70 27 95 55 0  46 10 6  6  45 97 30 42 17 82 18 58 53 40 43 19 87 55 84 75 5  73 38 57 56 20 24 76 43 23 20 49 83 20 95 31
