57
84
23 28
88 17 86
15 17 88 75
16 46 62 41 4 
70 53 49 90 24 69
80 18 3  86 35 92 42
65 83 36 43 55 51 93 65
48 33 35 1  82 37 85 67 48
76 66 33 49 23 42 56 84 56 28
92 76 63 77 89 10 6  56 53 52 82
17 72 61 24 40 81 77 25 27 89 16 41
24 61 87 83 41 93 19 5  55 48 47 38 1 
67 11 25 62 87 15 82 96 68 60 64 73 73 96
44 7  66 53 88 56 16 25 68 5  45 31 14 30 75
29 66 92 73 81 51 35 43 16 77 72 39 69 95 3  27
23 31 55 52 87 36 93 60 69 59 99 32 52 2  13 91 78
95 35 82 38 98 5  24 9  28 4  45 38 46 16 58 67 46 63
33 68 64 15 42 22 59 96 54 86 26 48 69 2  2  63 24 91 61
56 55 0  98 83 75 65 47 84 12 93 58 62 26 38 42 36 81 50 5 
74 17 22 2  32 41 44 87 81 51 89 41 14 77 81 19 80 43 93 10 98
9  18 86 52 34 67 42 40 28 50 7  1  60 38 56 20 58 86 40 77 0  98
85 75 62 73 11 39 98 68 51 53 64 54 58 4  84 34 27 59 93 77 17 74 73
75 15 46 92 1  84 26 54 4  56 60 93 83 69 43 42 35 55 0  34 88 53 26 35
42 2  18 84 50 29 46 84 83 93 56 86 17 83 13 27 1  93 3  20 45 68 55 84 92
87 88 71 78 18 72 12 3  82 58 86 35 63 60 33 25 55 91 63 65 31 62 21 83 92 88
66 37 61 99 64 89 26 72 19 51 55 27 17 38 29 96 60 78 7  26 29 28 21 24 26 64 90
44 57 19 2  62 13 19 33 47 4  14 59 0  72 38 73 0  26 81 56 47 54 74 70 46 75 60 9 
77 40 19 33 61 2  42 41 46 36 9  57 94 78 27 88 72 25 41 94 4  59 78 66 58 10 9  91 26
64 74 53 83 15 31 40 67 11 93 21 73 7  90 76 55 74 22 10 77 17 33 3  98 20 67 46 50 16 58
81 98 15 35 58 24 3  19 51 6  87 84 63 72 77 6  92 69 32 29 31 14 85 60 71 37 69 10 42 86 2 
17 18 76 46 75 40 20 10 33 27 45 49 16 5  97 12 26 8  93 1  74 40 34 27 67 0  68 64 76 99 95 14
25 16 33 7  77 65 62 50 79 38 53 8  64 54 86 80 61 30 23 80 68 99 10 69 23 71 55 65 62 48 3  27 67
25 20 74 93 53 7  55 52 85 40 96 24 56 53 74 45 56 46 20 51 42 87 35 19 42 87 84 85 43 50 5  74 83 62
92 0  81 27 8  40 20 22 7  9  46 38 35 24 84 47 40 64 28 68 56 51 79 45 39 27 12 50 70 18 52 40 70 96 60
25 57 80 23 23 42 28 98 17 72 75 45 34 20 42 21 72 14 78 29 82 48 63 14 32 37 40 83 22 77 30 25 50 98 74 21
5  63 92 54 7  65 15 53 5  44 85 31 11 16 31 27 43 13 93 9  53 60 4  59 0  24 10 48 25 8  28 83 58 73 91 36 69
53 57 90 91 63 94 78 11 53 25 91 23 65 11 31 39 6  36 38 38 70 99 27 92 26 48 76 72 16 34 80 0  7  99 95 7  18 87
9  36 59 66 96 32 1  68 96 29 69 40 22 4  48 2  95 50 78 90 49 39 60 76 7  91 57 84 27 76 44 58 73 40 81 62 1  39 13
79 64 0  70 89 73 99 82 88 17 40 28 33 80 39 78 52 89 85 56 17 36 57 10 85 64 93 96 8  39 70 85 31 92 67 82 90 46 58 22
56 98 14 15 18 14 67 4  85 59 42 90 95 77 83 30 84 14 8  60 79 82 78 41 19 90 79 35 77 76 56 94 74 49 61 19 27 65 32 82 75
50 24 55 77 27 76 99 74 48 5  96 3  91 69 78 79 33 17 99 61 46 80 35 71 55 72 5  14 29 6  33 42 63 73 3  94 11 39 27 16 69 7 
11 49 68 65 10 58 55 22 93 65 54 3  38 60 63 94 93 99 49 31 43 74 17 67 13 43 11 72 65 1  65 81 17 38 72 13 34 7  37 45 78 80 87
83 95 2  40 0  68 83 40 4  96 52 15 46 18 21 94 75 32 52 34 56 4  55 99 42 32 86 10 68 43 11 25 31 28 59 0  41 64 71 98 34 86 43 63
96 77 96 15 80 55 86 2  24 65 2  65 55 32 51 97 86 33 69 18 55 38 91 5  5  92 52 22 24 99 45 49 60 21 29 78 68 75 28 98 77 41 10 47 25
33 43 23 40 14 37 78 66 49 77 59 12 26 78 68 6  68 70 91 27 20 90 75 53 1  52 98 58 16 71 18 30 63 87 12 75 8  19 64 40 72 89 14 41 56 48
86 46 67 54 26 86 44 32 59 79 35 8  98 9  78 91 98 75 89 51 6  38 68 71 50 12 84 34 15 56 32 84 84 46 79 84 92 4  43 60 20 86 65 61 71 93 95
82 24 99 53 46 78 12 5  51 44 98 16 33 42 16 44 50 59 44 25 63 51 94 1  98 23 14 4  53 43 3  52 91 92 35 40 19 34 31 74 36 8  10 16 10 57 79 32
75 45 34 68 73 89 20 89 61 15 60 56 19 39 39 42 20 92 22 8  44 43 95 63 55 78 51 79 93 33 94 50 48 24 54 3  24 32 72 8  97 51 12 80 16 88 29 17 13
1  24 31 78 20 26 94 6  1  46 5  60 65 92 36 37 50 48 56 24 58 13 81 89 66 10 6  55 59 59 92 57 53 86 43 65 9  56 23 32 11 16 6  28 54 66 53 65 85 96
39 9  98 28 0  88 96 44 3  96 12 58 72 65 6  24 27 3  77 50 13 65 6  69 14 72 62 27 24 30 92 91 16 30 51 18 28 44 38 0  82 37 24 67 30 78 83 75 99 30 1 
71 42 74 48 69 40 72 52 56 35 61 22 11 75 34 50 62 39 11 36 82 66 16 49 26 4  66 56 80 20 64 9  33 30 47 14 98 72 0  62 11 1  18 4  46 80 99 32 2  21 76 75
98 79 27 75 15 75 48 79 93 69 75 29 17 1  7  23 38 78 42 14 99 60 18 44 26 76 86 34 63 70 64 33 43 82 65 10 65 36 44 46 98 10 21 99 17 2  59 87 2  82 77 10 22
32 7  63 48 39 19 3  73 99 38 0  43 15 95 86 90 60 56 27 69 0  84 33 87 89 19 20 92 68 37 9  48 10 35 13 2  8  53 58 79 71 31 42 82 47 34 58 85 3  97 93 42 83 5 
5  15 1  59 81 70 51 1  82 39 25 13 84 64 28 15 24 57 71 17 63 90 90 58 28 0  34 64 53 73 23 25 35 74 13 31 88 76 75 2  88 14 9  29 99 68 90 12 43 93 61 45 89 40 33
36 50 47 2  46 72 70 21 73 31 0  65 28 60 9  70 38 90 96 16 3  37 44 43 95 46 57 65 55 68 52 30 28 28 27 21 71 6  81 10 77 2  21 48 25 90 25 29 75 70 96 80 46 10 74 97
20 17 25 32 34 63 64 75 28 67 34 91 40 37 53 48 56 85 79 60 45 2  30 79 35 38 35 68 66 86 64 32 80 10 44 79 77 22 84 84 72 20 89 59 77 2  17 85 11 49 94 53 65 23 62 23 59
