37
92
75 21
67 82 13
26 94 8  15
14 73 62 29 44
57 82 11 24 95 77
68 33 55 82 20 98 89
77 1  80 36 27 19 60 7 
59 13 90 46 38 90 21 68 20
31 62 4  87 85 27 11 20 54 16
16 33 22 87 8  59 5  11 47 77 8 
6  85 46 12 8  79 30 1  76 70 52 84
64 49 14 16 14 86 77 34 99 21 52 53 2 
17 55 81 6  68 90 7  61 56 2  19 76 60 94
81 35 29 50 17 61 8  8  25 48 92 88 63 14 59
48 33 31 48 74 82 8  31 7  61 20 70 85 90 13 78
95 70 20 95 98 39 12 68 2  88 75 57 12 62 15 63 13
11 62 29 12 11 87 16 43 49 69 1  98 77 41 69 46 51 47
97 80 73 79 75 50 4  89 54 57 62 36 32 80 71 54 34 58 90
84 70 97 12 68 16 6  74 50 63 41 41 22 1  44 10 27 61 6  15
43 49 93 69 26 83 69 12 12 67 81 4  23 5  7  83 16 41 99 33 24
99 58 40 72 34 15 47 83 98 21 71 5  19 1  63 31 49 4  39 87 33 51
57 48 85 66 57 7  14 16 71 43 48 55 37 99 92 76 69 94 34 65 93 21 50
45 86 99 94 15 27 15 96 91 83 27 87 87 44 13 44 51 96 56 99 95 28 43 21
38 22 64 32 59 89 71 29 25 92 65 24 53 81 41 94 47 8  54 29 0  3  21 63 57
49 56 86 24 62 64 23 78 82 28 1  55 20 35 96 53 62 55 91 33 86 3  46 72 14 25
9  75 81 10 43 26 25 82 52 75 93 61 7  1  50 5  23 61 60 38 73 35 79 67 82 87 38
92 57 48 15 89 92 2  55 91 7  18 19 30 12 51 20 1  65 50 41 18 24 10 81 87 90 31 43
74 14 53 43 64 15 3  46 59 88 78 88 7  5  46 76 55 45 53 17 49 37 4  83 19 47 96 89 32
45 98 22 80 90 35 96 38 41 35 99 72 87 24 34 76 32 13 10 38 61 38 61 61 59 25 50 77 43 66
18 91 61 19 8  56 29 2  5  76 56 96 69 72 70 51 41 22 17 91 79 55 18 92 83 65 99 66 27 86 48
56 41 18 84 32 4  90 81 4  32 48 66 61 20 97 61 67 1  56 56 54 91 85 63 21 21 80 37 36 36 87 55
25 37 56 6  63 47 64 11 59 61 48 81 96 89 44 88 51 99 42 21 6  39 88 7  74 5  85 98 86 30 66 44 29
18 62 46 3  81 31 68 6  34 83 24 94 6  87 2  4  2  25 94 75 51 66 49 11 76 92 1  34 94 15 10 68 22 49
47 18 86 55 62 5  38 46 20 75 10 59 99 28 11 61 17 43 99 32 60 43 42 82 85 1  65 78 85 7  16 9  9  16 83
52 21 64 37 39 93 52 7  77 51 17 42 36 56 46 15 4  58 88 53 35 69 3  61 75 92 86 75 87 64 24 50 3  84 26 52
65 35 39 9  54 3  28 52 13 58 26 88 25 52 90 59 62 24 64 17 1  58 44 26 31 40 76 25 93 22 47 50 50 41 94 30 65
