40
88
54 39
95 47 94
10 63 13 3 
44 61 29 40 69
66 60 93 1  97 44
6  36 92 74 13 70 54
99 67 95 85 88 67 9  48
11 13 89 80 14 81 50 46 69
33 80 66 71 85 33 55 40 48 50
75 85 17 78 82 23 89 56 70 13 49
9  52 89 27 8  62 37 78 20 15 86 79
57 9  60 58 94 45 36 4  13 59 98 54 89
74 85 39 62 51 9  34 29 53 34 41 30 70 17
67 72 14 81 7  27 0  65 30 17 57 6  62 13 66
84 52 82 75 82 69 44 13 60 92 27 69 41 37 1  19
53 97 13 74 79 28 20 58 89 53 17 5  65 89 22 11 81
79 66 70 48 37 67 88 8  72 10 76 23 95 85 97 22 19 54
14 45 46 32 5  34 30 56 93 15 58 2  30 3  13 25 71 68 81
80 73 60 85 5  93 60 82 86 46 60 69 13 98 73 56 49 49 3  82
91 95 82 91 68 38 17 17 42 78 70 39 11 12 95 86 28 71 17 32 19
6  47 76 13 51 59 8  86 29 93 90 75 67 33 46 34 98 43 28 37 14 8 
6  91 41 41 3  94 53 90 51 73 2  98 26 38 95 49 44 33 46 66 57 12 83
42 16 88 48 91 74 4  60 12 12 97 46 37 41 99 97 60 52 44 17 66 57 68 78
25 16 6  46 19 7  14 86 7  61 58 64 53 47 37 49 78 73 11 87 15 69 17 53 50
93 10 83 13 51 79 74 67 46 32 11 98 79 1  11 89 5  37 79 86 69 33 79 54 26 21
59 44 49 52 8  83 90 56 83 6  52 15 49 60 19 61 65 95 57 0  61 99 56 97 98 67 97
31 26 58 92 43 41 70 85 70 39 56 64 51 60 2  2  25 54 10 56 35 92 75 26 69 2  34 69
16 89 77 34 69 0  39 19 95 48 4  23 61 80 75 59 67 50 45 98 51 14 65 67 43 37 9  27 14
81 77 84 3  39 68 55 84 27 63 6  43 14 58 98 54 22 14 68 63 79 18 93 35 12 84 31 58 15 37
75 92 99 90 18 41 17 16 82 40 63 66 74 83 91 43 3  26 7  4  72 86 69 70 49 63 78 8  74 88 27
67 40 40 91 56 14 84 96 77 47 6  3  75 31 65 82 62 74 17 88 36 32 27 20 46 79 11 50 20 33 18 42
48 93 56 50 44 43 55 37 6  83 43 21 13 36 97 39 39 9  42 17 11 49 98 2  88 28 48 26 65 0  75 26 70
94 68 71 68 74 65 33 93 32 56 36 73 58 14 36 43 14 45 96 23 70 90 56 34 18 93 88 36 38 43 29 32 35 40
13 77 4  27 4  6  28 54 15 52 84 99 24 60 0  7  45 91 82 38 86 98 63 3  87 7  73 18 62 90 27 86 63 69 50
27 0  35 46 15 45 30 22 65 99 52 51 57 42 3  70 88 92 43 68 79 73 5  7  8  6  22 88 51 86 95 57 55 84 15 37
35 10 57 88 4  52 84 75 33 6  58 10 10 29 80 88 48 44 49 95 79 3  13 87 64 56 17 94 34 69 88 68 45 95 55 37 7 
87 58 58 8  31 45 63 26 33 86 41 89 67 91 71 32 33 28 69 17 4  25 24 44 32 47 29 93 0  48 64 38 53 85 53 28 29 42
87 52 40 56 5  17 24 82 37 20 65 40 98 37 34 75 74 54 47 71 91 31 33 95 40 95 81 69 70 79 90 3  83 94 65 15 28 4  78
47 70 61 90 38 62 91 89 32 7  86 79 50 89 38 21 91 75 14 85 92 72 28 0  49 13 63 5  64 11 16 15 29 0  51 15 80 68 80 28
