59
93
23 80
77 72 44
65 5  17 8 
88 72 71 76 35
1  35 49 32 19 68
1  84 18 83 29 93 63
13 5  68 16 37 55 18 67
68 15 42 24 35 95 65 36 64
78 9  49 38 70 37 87 98 55 15
14 60 43 77 27 79 7  29 91 61 56
62 44 56 35 82 52 0  20 51 90 14 25
12 96 0  36 55 74 49 24 52 70 44 90 74
77 46 59 38 56 32 71 50 73 55 35 91 76 20
70 93 91 14 32 86 55 69 3  67 83 15 93 80 82
65 41 65 30 40 16 78 56 76 62 28 40 48 75 43 94
83 7  13 17 20 65 1  49 64 10 9  46 82 65 23 67 14
61 25 1  62 54 69 83 2  60 60 49 20 47 2  4  48 34 83
47 59 95 53 62 49 60 0  65 25 81 38 19 40 37 60 51 66 50
45 8  26 69 93 44 51 23 61 7  53 74 99 61 86 62 50 26 20 5 
59 41 35 75 89 53 20 22 66 35 80 47 46 18 10 24 45 29 12 55 37
68 90 90 19 85 46 93 18 21 51 8  87 10 40 68 86 61 51 39 23 94 27
24 19 10 50 14 69 47 0  34 90 18 26 5  6  69 27 99 76 58 85 24 46 23
25 55 13 18 18 31 0  56 2  61 1  82 1  16 69 1  89 93 89 91 55 83 55 51
83 15 41 69 40 53 54 59 77 22 30 6  48 99 17 70 76 18 34 15 43 48 67 49 62
11 13 92 70 50 75 38 54 82 0  24 42 61 7  76 14 30 68 42 63 51 8  43 41 82 50
33 28 74 33 21 46 6  80 79 88 95 29 10 58 2  31 11 92 36 92 60 12 15 31 90 63 5 
77 25 73 67 79 26 94 1  53 27 1  84 45 53 66 88 91 82 63 15 3  58 83 23 59 90 33 26
38 28 87 72 90 67 77 0  68 43 95 70 26 78 68 14 85 87 8  62 70 8  91 4  79 83 58 41 61
22 63 90 89 80 18 90 69 8  28 14 62 47 22 84 1  87 11 58 17 64 52 82 70 71 14 23 94 47 44
80 26 79 3  68 78 37 66 51 52 78 69 21 77 83 22 89 11 30 73 31 93 4  7  25 49 94 71 78 88 58
55 51 57 54 73 54 36 30 21 57 33 80 11 6  28 98 78 54 64 4  75 45 53 37 30 54 94 40 78 17 71 37
13 45 9  99 92 9  25 88 19 18 38 53 97 69 61 8  68 87 88 88 71 86 19 12 76 8  40 39 41 52 1  27 28
37 27 25 30 5  30 51 42 46 37 39 57 84 25 39 15 46 62 35 42 36 21 6  14 65 83 52 34 36 23 53 85 34 48
70 21 75 85 21 76 65 89 25 90 71 1  50 23 26 72 65 64 45 96 59 7  51 20 57 84 55 94 23 31 30 68 71 30 86
69 37 56 96 59 8  13 16 14 98 19 8  83 85 56 49 20 75 31 72 58 65 22 22 65 81 99 19 32 27 86 77 15 97 95 59
37 65 41 15 64 47 86 51 54 6  34 64 56 33 23 50 62 17 69 42 57 4  61 20 81 79 28 13 81 34 7  35 40 64 69 42 65
70 50 89 68 12 64 94 68 27 78 31 49 48 93 54 14 78 48 88 29 8  92 68 92 96 71 53 68 34 17 54 47 99 26 40 97 22 27
80 60 62 15 29 98 24 77 13 25 8  84 92 16 91 55 88 48 69 80 35 21 13 31 5  75 98 26 65 50 64 86 93 38 95 57 32 19 7 
59 74 30 50 93 32 66 65 47 8  70 14 72 0  86 90 43 17 49 15 45 89 85 64 76 86 39 60 99 42 56 73 58 85 91 82 32 1  97 68
88 26 92 66 87 19 13 73 16 65 55 10 9  90 88 5  71 37 14 57 42 1  94 0  22 10 44 64 67 37 93 33 84 31 19 94 10 68 22 53 42
46 92 41 26 74 13 71 98 90 35 58 60 7  91 31 32 2  23 41 5  44 40 67 36 12 1  37 90 24 72 81 73 37 88 90 51 11 37 7  59 84 99
28 54 60 17 50 86 24 0  5  0  2  57 62 43 78 52 35 11 61 85 9  88 81 31 97 75 50 97 16 27 19 10 72 30 53 13 16 40 93 74 31 89 44
79 61 70 58 64 63 3  18 16 36 11 81 24 69 77 12 86 13 4  96 61 39 11 43 51 94 99 36 94 43 80 57 3  89 46 37 73 47 30 32 90 62 4  58
84 75 78 42 1  50 27 13 87 99 35 46 55 97 18 2  74 46 6  90 38 28 82 88 1  8  24 1  86 57 94 15 13 14 85 96 6  69 62 12 79 41 25 26 45
35 97 59 35 97 93 15 42 41 33 27 21 35 20 57 95 9  53 8  16 17 55 50 73 69 9  18 56 99 43 0  95 82 14 91 38 21 34 90 7  80 81 47 85 47 86
10 10 11 78 69 98 81 18 29 3  71 43 73 76 5  7  52 57 97 38 25 88 33 33 90 8  99 58 36 24 78 35 29 44 21 66 81 60 39 32 90 55 50 77 34 52 93
9  90 32 41 98 21 5  4  4  75 23 69 20 70 59 86 15 47 43 20 71 63 39 79 64 56 20 69 52 51 6  3  24 12 27 15 23 68 80 64 49 1  40 20 73 31 96 48
36 68 30 70 51 67 53 37 86 76 81 30 3  57 69 56 42 28 36 48 1  38 90 94 87 55 92 81 76 80 50 22 11 93 35 77 72 93 82 81 25 91 10 81 3  66 84 24 3 
82 51 20 94 7  85 77 94 68 46 55 34 88 48 61 75 1  43 72 91 90 60 36 82 60 59 85 90 26 56 75 31 8  83 54 78 46 33 97 82 63 64 91 36 87 82 88 6  43 26
31 13 24 48 81 90 18 13 18 97 52 76 55 65 43 12 68 54 36 87 19 11 15 69 2  92 22 62 49 78 25 65 99 9  94 1  21 39 36 65 49 54 87 66 1  16 33 35 46 31 84
5  74 37 5  13 20 31 52 21 20 57 4  86 46 20 1  37 62 76 73 47 3  66 78 50 66 90 72 26 21 92 64 10 71 24 20 47 36 90 53 22 19 67 79 81 70 32 97 17 22 72 1 
11 85 26 71 24 39 13 17 75 23 13 36 26 60 92 1  72 75 15 33 18 87 74 80 37 80 77 98 0  93 80 23 43 40 53 82 1  83 86 77 0  61 35 89 38 11 32 7  69 24 26 22 89
82 22 17 50 33 42 93 19 52 65 54 96 62 86 44 56 40 28 28 52 96 6  60 48 73 91 37 59 16 99 91 71 66 51 10 9  75 43 32 33 47 86 36 36 29 89 42 31 57 10 36 55 1  94
44 29 42 22 31 8  87 67 30 86 32 4  59 67 56 76 57 39 88 13 10 33 93 81 78 80 10 48 65 74 47 69 46 29 96 42 25 64 20 31 89 82 24 57 81 53 43 27 89 0  35 22 27 92 80
13 6  34 33 26 70 56 11 89 70 60 17 24 5  80 68 65 49 86 13 20 69 38 67 37 37 64 69 50 83 11 70 12 19 47 52 56 75 3  45 2  50 47 54 62 13 54 57 73 73 96 48 49 9  85 15
31 5  79 99 52 59 64 6  58 72 48 3  47 96 20 92 2  82 12 48 97 52 75 60 70 1  74 92 16 0  38 0  55 15 24 71 66 29 2  70 13 55 58 86 6  16 96 51 8  63 18 60 98 61 9  7  39
20 28 81 94 55 1  44 57 75 96 65 71 43 84 67 59 26 96 5  86 84 60 72 12 73 38 51 99 58 14 95 38 46 35 25 56 16 71 15 94 69 40 40 86 19 66 33 83 23 7  60 25 8  88 25 15 93 21
9  0  88 44 65 65 70 31 17 95 75 23 83 71 70 82 63 70 52 28 47 46 0  14 80 68 23 25 82 88 19 34 47 51 46 18 67 30 4  89 16 67 8  6  26 8  72 58 18 62 54 47 35 41 4  64 63 88 19
