20
36
44 31
23 73 11
73 50 89 49
30 33 66 62 69
54 37 54 68 2  3 
78 87 55 47 76 17 81
27 60 7  9  80 51 21 63
73 46 56 50 67 98 36 37 11
97 0  53 94 73 3  57 17 98 38
71 54 32 90 39 90 2  11 63 22 6 
86 84 15 45 35 28 25 63 50 1  27 88
76 20 57 89 13 31 96 86 66 20 96 14 74
41 97 2  13 37 87 77 90 76 21 4  17 23 22
8  15 16 43 83 69 1  49 96 43 38 72 77 80 13
35 98 83 36 62 79 11 68 40 37 93 75 46 92 38 28
56 59 9  67 49 66 85 98 45 54 49 18 49 22 3  78 46
9  54 70 63 41 36 55 34 64 54 94 77 18 13 53 89 91 21
6  12 48 98 19 76 25 51 32 66 41 62 37 48 54 86 46 38 16
15 1  48 38 50 70 65 97 94 81 0  45 89 95 64 98 41 55 36 12
