27
55
79 38
55 48 48
56 9  57 69
93 47 32 96 54
65 68 15 83 21 68
89 19 10 37 36 89 20
83 85 56 88 38 48 42 49
2  86 50 83 73 74 16 76 2 
90 76 40 31 94 20 87 60 42 34
83 48 62 62 78 48 1  56 5  82 76
28 5  89 80 40 71 57 56 43 99 30 72
64 7  10 53 81 90 61 49 58 68 15 57 25
62 79 71 74 6  66 3  38 63 20 81 74 61 53
70 46 94 91 47 87 80 81 83 47 28 91 50 63 27
25 16 13 43 63 19 73 8  8  82 36 34 52 6  64 23
53 95 46 37 0  26 52 41 4  98 60 94 21 70 77 60 59
9  51 72 56 0  4  5  12 70 26 12 39 97 70 92 76 98 23
41 84 74 26 39 99 40 49 46 42 25 48 8  11 84 59 41 33 81
40 76 14 0  34 62 38 84 21 73 46 70 75 76 66 95 66 13 93 77
54 7  31 44 2  78 61 65 33 84 37 1  37 84 18 17 4  39 51 59 45
53 79 34 14 80 24 62 90 24 34 25 13 36 46 98 7  56 84 77 97 23 75
20 40 79 62 54 13 40 75 22 3  39 18 32 86 42 30 93 43 17 18 22 79 18
89 19 22 84 30 69 2  85 54 35 90 92 82 82 32 66 51 50 36 40 95 19 75 85
82 70 55 86 4  62 91 12 16 65 95 72 13 79 44 65 75 66 49 39 12 69 72 87 50
81 98 55 96 44 89 7  0  39 38 3  31 21 79 89 45 28 20 74 10 33 84 23 83 12 78
37 89 26 27 29 71 71 28 3  90 61 11 5  1  64 69 60 60 6  4  77 33 44 50 74 52 7 
