29
17
43 7 
17 91 87
44 70 5  83
54 67 33 97 26
54 30 36 57 75 45
12 93 77 12 97 84 66
84 58 61 42 2  41 56 68
50 39 12 21 84 17 56 29 20
3  60 68 31 63 39 45 96 7  14
62 55 82 72 89 4  66 3  71 30 8 
52 61 72 26 31 93 7  99 62 20 47 54
79 37 91 91 59 40 73 24 56 27 20 59 16
5  1  18 85 46 44 41 84 84 8  24 57 79 70
60 99 13 73 44 22 95 86 53 26 97 75 83 72 82
63 84 1  7  42 16 97 20 15 17 52 82 88 36 49 16
59 11 52 61 54 86 35 36 46 51 76 22 11 29 20 60 91
82 77 49 35 66 59 98 9  67 80 27 3  84 67 6  86 62 55
95 36 0  99 31 83 55 11 79 94 6  91 12 2  28 18 59 62 63
78 80 15 74 67 66 53 5  99 26 87 68 42 78 21 58 86 76 58 2 
52 58 7  49 3  9  0  74 79 62 49 33 51 81 18 38 66 93 13 74 83
64 52 21 27 29 17 41 37 12 68 12 75 76 12 60 68 54 45 5  59 44 76
27 33 30 28 66 10 32 1  21 55 13 68 30 71 50 26 87 28 59 22 51 14 0 
82 57 64 84 84 82 52 47 18 78 2  72 21 94 56 14 54 53 45 20 7  47 75 15
31 68 68 17 22 25 3  80 24 33 13 27 41 65 54 74 0  72 5  10 56 21 98 56 72
78 99 46 97 94 3  56 45 36 52 91 95 44 17 72 88 54 14 18 13 67 52 13 43 40 55
89 53 28 42 61 80 18 56 41 76 1  95 88 10 53 37 58 86 54 36 82 28 53 2  24 92 99
38 37 92 70 25 0  95 23 41 65 57 99 44 33 60 42 5  37 90 23 97 88 24 26 25 55 6  3 
10 82 82 72 36 89 35 87 66 28 90 35 28 33 56 22 69 52 87 22 55 74 71 18 15 53 40 12 37
