30
44
42 55
33 27 41
38 26 68 82
77 5  59 72 76
16 51 44 37 62 87
30 42 11 54 77 12 88
17 36 54 49 14 7  33 83
11 44 59 88 88 45 35 94 24
32 0  19 53 89 70 51 30 44 63
54 73 84 9  39 25 55 8  16 40 78
58 8  3  32 85 76 13 13 95 36 3  97
83 47 19 94 1  77 56 17 42 17 81 0  55
97 31 91 26 64 56 82 31 57 42 50 97 82 16
72 48 21 84 53 63 45 11 81 25 55 16 12 62 50
42 0  19 78 65 37 37 54 20 46 32 69 39 32 28 6 
30 20 77 66 21 62 79 85 54 76 65 76 29 7  36 44 96
77 65 72 65 52 91 79 73 69 8  43 48 77 18 87 80 80 70
75 65 55 14 18 92 34 0  99 5  57 73 21 78 23 53 69 82 35
96 28 24 96 19 36 30 7  21 29 95 13 75 67 45 45 19 84 85 80
10 20 40 98 44 2  13 76 63 53 5  69 98 89 35 43 38 52 73 77 59
14 4  10 76 93 92 42 54 53 3  47 99 54 81 89 86 15 59 15 42 84 94
7  42 81 47 28 63 11 5  56 80 71 32 73 24 71 8  16 68 83 64 21 21 75
29 88 51 39 14 25 67 75 41 38 53 91 40 16 9  77 3  95 28 37 17 28 30 42
0  62 62 75 66 83 38 34 91 83 62 5  85 69 52 26 98 17 1  94 52 17 20 30 4 
81 51 91 8  72 72 32 52 54 96 91 17 92 67 88 72 92 77 60 13 92 51 99 45 36 11
17 51 72 86 40 36 66 20 96 52 11 33 75 59 47 15 86 5  10 46 1  28 44 64 36 21 7 
86 84 45 67 3  40 46 61 19 52 16 49 76 77 2  81 25 43 1  41 48 15 95 84 13 84 8  45
46 74 95 15 97 40 30 18 77 63 41 91 61 70 88 77 38 47 2  37 88 56 27 90 43 7  3  16 19
99 71 42 85 79 12 4  11 41 33 38 51 4  55 17 62 95 53 57 67 53 88 42 37 86 10 87 57 17 44
