26
46
11 3 
48 87 1 
86 7  59 32
65 27 38 58 62
20 39 52 23 30 80
23 71 77 26 7  4  21
94 29 48 6  37 72 85 80
31 15 48 99 7  21 2  30 46
17 4  73 36 86 22 7  84 36 5 
17 42 48 89 9  95 70 17 34 17 5 
18 35 44 90 40 58 10 2  73 47 46 95
86 36 86 79 40 77 83 25 57 60 60 67 39
15 98 10 71 33 55 37 65 82 28 81 30 18 22
2  75 79 50 26 69 63 12 8  95 69 97 29 9  79
38 96 45 41 33 39 80 78 56 94 26 98 98 31 26 8 
87 34 35 50 67 94 33 86 17 74 37 55 76 54 92 11 8 
98 79 9  26 16 93 38 63 91 80 43 65 64 71 16 44 83 10
32 27 27 1  6  8  91 84 80 79 46 70 37 25 57 36 93 7  1 
85 2  75 73 1  11 91 51 18 50 54 64 65 37 53 14 33 3  84 50
31 22 74 54 31 32 91 7  44 66 29 0  15 8  85 8  24 14 1  18 95
34 35 82 12 94 69 20 75 7  11 90 62 72 38 51 85 68 75 85 58 53 7 
7  15 48 49 66 4  29 23 77 59 18 7  35 33 96 17 31 41 70 7  91 97 62
64 17 77 3  5  12 84 90 40 57 90 54 68 15 36 46 81 92 15 82 48 34 59 13
38 5  78 8  34 57 1  67 56 17 97 9  55 43 75 51 56 50 66 75 57 35 31 99 87
86 38 72 62 8  19 29 55 39 98 6  69 13 98 81 88 53 19 57 36 4  6  63 87 51 68
