50
7 
57 95
74 60 60
85 66 69 65
15 82 83 46 92
97 66 91 39 61 39
86 12 69 30 61 57 98
17 15 49 7  55 85 11 94
94 78 67 77 90 63 95 8  84
57 37 52 27 66 58 65 34 90 33
27 27 39 42 10 66 94 70 5  75 20
18 8  66 58 83 34 63 86 28 1  46 41
49 90 80 3  22 99 56 64 78 75 6  80 79
91 1  14 17 7  14 81 5  54 34 94 84 17 61
84 45 8  65 95 95 25 93 32 17 12 67 6  33 91
5  2  19 12 85 99 24 63 40 89 76 7  72 90 19 12
39 75 76 69 68 61 96 67 15 61 72 14 17 16 64 50 41
16 84 24 86 28 89 57 16 2  79 25 56 86 70 96 39 91 40
68 71 82 19 15 15 77 48 47 1  14 99 43 25 36 56 94 66 5 
86 7  12 88 34 98 5  58 1  69 34 94 10 98 60 21 36 65 24 53
38 57 56 43 34 2  71 4  42 19 13 23 84 12 51 56 65 99 88 91 77
63 65 29 66 69 25 23 75 10 81 83 19 7  4  49 84 78 72 96 18 14 57
93 52 49 17 35 66 25 7  56 47 39 94 56 57 2  19 24 38 4  18 6  75 1 
24 50 66 11 65 98 24 17 81 65 67 89 11 61 27 6  37 99 64 72 13 79 38 20
57 7  51 58 24 22 83 9  91 83 21 97 85 8  75 67 30 94 52 52 90 48 21 55 51
5  61 4  47 82 69 37 70 63 68 55 52 55 85 91 83 25 63 78 84 72 2  51 18 96 67
52 13 45 78 89 20 90 58 34 31 2  82 31 15 24 68 54 7  59 73 27 81 60 50 99 59 81
54 34 90 75 31 0  44 65 18 36 90 50 40 94 53 10 22 43 71 21 41 90 62 59 44 78 58 16
46 62 60 38 24 10 50 77 34 86 23 83 44 11 99 86 75 12 21 70 84 85 84 61 19 19 49 54 28
98 52 36 31 92 7  36 72 41 39 8  16 2  68 31 49 31 55 82 3  14 73 43 41 5  9  8  17 59 57
59 66 15 75 93 16 28 24 29 25 72 85 40 87 44 29 32 14 1  17 25 62 63 89 6  52 84 77 93 41 99
72 71 94 11 61 73 57 7  41 65 35 83 37 60 63 34 87 69 86 66 5  60 5  50 0  49 41 81 37 18 88 85
21 29 96 66 33 2  8  41 42 86 22 19 58 42 37 88 24 86 19 10 64 42 9  42 7  97 93 49 6  96 64 37 86
40 4  59 32 12 76 99 75 47 31 44 84 74 27 20 50 70 4  74 85 79 29 40 18 59 9  27 10 98 94 94 96 96 94
68 83 79 69 45 79 57 44 7  40 81 38 89 96 72 8  93 7  46 54 94 23 95 22 98 67 98 1  50 3  39 32 70 78 24
73 43 78 98 94 72 74 73 76 52 31 12 13 73 49 55 45 73 90 37 32 12 51 79 28 20 21 26 63 1  87 96 12 65 42 92
73 75 81 3  45 63 56 24 85 46 22 81 27 82 10 60 77 63 49 81 27 24 45 50 87 21 73 58 17 33 77 82 62 7  86 67 35
46 0  93 34 86 71 8  72 1  1  46 34 59 8  77 0  85 17 37 5  31 28 31 56 5  91 40 19 96 85 23 27 51 11 15 13 60 33
94 42 65 47 78 48 83 4  64 34 90 57 82 91 56 85 41 63 55 75 33 67 64 41 55 83 3  77 59 47 56 10 75 57 23 36 65 57 88
20 82 17 78 99 9  65 59 37 3  79 80 78 86 51 80 37 17 23 87 94 47 14 11 47 47 30 52 34 59 72 32 78 7  81 71 87 55 20 20
85 98 73 22 49 72 26 27 84 79 97 44 39 81 23 39 14 16 63 98 28 1  57 32 32 29 42 49 96 4  72 87 98 37 95 39 8  86 69 27 98
72 83 91 80 1  86 67 38 27 82 67 36 15 0  35 73 74 48 60 59 88 97 28 82 2  87 89 56 56 84 37 26 8  35 19 15 78 11 76 46 35 53
26 32 96 29 65 75 47 69 36 37 46 77 64 49 39 70 41 80 87 39 92 78 89 94 58 0  86 49 98 96 85 67 10 83 21 91 15 84 78 89 5  88 95
70 80 16 45 24 3  50 58 64 8  40 32 57 22 39 46 9  51 59 45 31 18 95 7  20 74 53 33 89 0  77 20 62 89 32 45 16 44 80 21 44 84 58 41
75 69 53 51 61 99 74 3  17 8  71 0  42 87 61 34 28 66 94 56 60 94 86 77 39 16 41 30 84 69 34 18 11 6  28 77 71 70 59 39 9  6  6  28 73
81 96 69 92 8  88 49 5  3  84 58 87 35 47 31 52 69 40 10 99 57 79 20 2  53 68 26 67 5  81 1  46 53 57 96 23 80 2  93 98 34 67 35 9  69 61
15 50 97 30 39 0  18 95 53 55 37 40 90 87 63 56 45 0  80 99 70 54 92 33 69 12 50 75 65 32 52 79 82 40 14 65 96 98 92 39 39 47 75 49 28 71 32
8  15 11 80 44 36 26 74 41 59 40 75 96 93 94 58 33 10 68 45 70 1  90 57 31 87 57 16 46 70 44 68 99 30 5  62 55 49 82 33 46 56 84 88 55 76 67 10
61 11 54 3  69 53 44 14 27 99 43 12 57 98 77 89 63 69 48 38 96 91 30 49 68 96 4  70 15 32 11 26 39 61 91 5  81 32 47 30 7  37 82 81 64 6  55 58 68
6  36 15 26 91 87 45 19 89 71 24 79 57 12 50 96 30 30 51 8  94 44 25 83 34 42 42 56 37 12 16 41 45 68 46 43 1  61 92 67 61 86 43 64 98 90 31 85 92 8 
