75
44
59 36
35 46 9 
45 95 47 63
23 87 14 43 80
28 36 9  31 5  29
40 87 46 59 0  42 19
69 35 63 54 99 7  37 94
38 80 92 81 5  91 91 27 8 
9  84 80 66 67 26 57 32 24 78
47 55 43 17 89 60 75 67 70 64 6 
65 93 21 72 55 73 43 55 13 94 67 92
22 12 34 62 12 95 18 85 61 36 96 98 75
81 57 27 53 55 99 90 68 1  20 68 64 7  35
20 2  68 42 96 1  79 97 89 82 4  37 40 27 15
10 6  98 72 47 52 61 68 86 95 58 95 54 11 50 77
57 98 28 93 55 46 32 4  89 57 10 96 95 60 55 9  88
80 61 64 68 57 67 50 27 47 10 97 36 99 80 57 74 46 44
31 75 33 26 77 33 31 6  64 65 25 31 12 9  82 86 90 53 21
61 83 78 8  25 23 84 53 65 80 70 3  64 37 65 84 41 35 72 43
56 73 76 78 51 39 50 9  39 27 27 89 6  82 65 81 65 2  40 31 98
42 87 12 76 71 72 30 16 85 89 36 16 29 30 10 77 36 62 83 26 64 28
12 79 8  85 90 63 23 29 12 23 13 95 1  13 6  44 99 15 91 8  80 13 22
26 56 79 65 4  77 15 30 52 77 97 36 50 37 85 67 64 56 0  37 57 85 39 77
3  45 58 28 12 70 14 17 24 77 11 6  82 16 29 34 68 39 96 9  72 69 33 1  81
22 15 48 45 99 44 78 57 91 3  37 3  98 54 61 26 39 13 59 51 10 89 86 69 50 88
19 39 31 57 61 40 59 57 96 50 9  81 31 89 67 9  99 1  42 62 9  93 67 81 34 24 86
58 3  93 52 19 71 29 4  69 46 5  82 6  51 38 49 94 65 29 67 36 88 99 6  53 37 29 51
17 77 93 40 46 12 12 69 39 11 98 84 9  61 84 39 78 66 35 33 13 98 78 92 47 13 54 41 86
9  88 82 44 85 8  94 27 16 52 73 43 76 42 92 93 79 15 8  10 94 67 65 59 25 56 92 62 91 49
90 85 89 0  32 86 59 32 34 1  32 72 37 91 58 64 27 85 72 70 39 88 3  48 4  4  30 44 28 51 42
53 52 98 56 9  20 78 73 11 58 43 25 63 74 49 46 29 7  56 78 0  28 80 17 50 97 12 94 30 90 90 89
75 41 29 71 57 30 16 82 4  31 39 98 35 55 91 51 21 20 61 54 59 4  16 70 90 96 11 57 46 11 98 64 95
70 67 75 58 65 87 68 41 66 46 35 79 33 26 78 18 1  92 39 1  94 88 3  31 16 51 98 57 66 53 16 83 5  43
38 70 55 80 55 63 93 28 77 3  80 6  29 37 24 55 86 67 60 32 44 54 6  45 28 52 57 28 43 74 46 2  80 89 28
67 58 56 12 51 13 2  23 70 24 62 32 43 59 28 45 57 31 18 55 49 10 10 6  10 7  76 53 65 19 80 8  24 56 90 34
91 31 61 25 35 11 10 33 45 20 17 19 87 29 11 77 86 68 59 58 97 41 61 86 59 3  88 68 40 89 81 12 96 78 80 33 8 
20 75 20 90 10 68 78 87 29 1  57 93 83 30 63 63 17 55 68 22 10 15 28 68 65 35 42 9  51 91 86 46 14 63 2  80 53 55
70 80 37 22 10 55 47 15 0  11 63 81 3  28 1  51 3  26 82 84 67 16 9  30 0  87 93 15 90 24 74 62 3  44 38 71 79 49 44
56 92 34 67 46 79 73 36 24 59 18 48 21 10 18 46 50 73 8  4  31 66 89 49 87 13 91 73 55 67 50 83 94 20 97 51 6  60 28 50
44 6  87 73 41 91 90 61 21 40 69 70 99 82 91 44 76 66 3  33 76 86 87 75 28 94 1  47 57 40 37 23 37 66 45 3  54 75 54 88 79
33 4  97 32 34 33 23 24 64 39 0  52 85 94 99 96 47 7  24 71 93 73 80 48 57 84 3  13 77 15 70 72 47 58 68 81 55 87 79 80 22 57
6  88 38 14 63 7  59 31 62 11 13 82 3  25 80 28 70 54 38 12 90 63 85 81 13 24 63 2  42 67 13 14 96 45 89 77 49 88 10 56 16 31 73
8  85 29 15 28 10 81 14 87 76 73 71 63 97 75 60 88 11 82 66 97 23 55 86 99 0  45 47 71 46 86 87 38 85 86 88 21 45 14 60 61 45 0  45
6  16 62 82 64 61 71 55 44 86 6  11 30 82 95 48 23 16 76 85 21 17 55 28 19 62 6  95 84 63 76 28 94 94 13 2  76 92 24 84 23 61 51 18 10
76 4  50 65 11 92 24 21 17 38 40 43 20 18 8  2  64 65 50 13 98 9  6  81 25 9  73 89 79 43 73 82 93 95 8  78 31 42 34 72 61 0  81 54 41 8 
90 93 50 89 6  87 55 95 63 15 82 77 89 13 57 56 23 99 52 10 98 34 21 96 43 59 0  1  41 48 61 94 54 79 16 53 20 46 37 65 79 27 61 2  75 5  62
39 9  26 27 92 77 71 59 78 51 68 12 71 54 91 73 88 98 98 82 59 23 2  4  27 60 42 74 35 22 40 56 67 20 28 61 98 48 60 65 58 87 14 76 89 75 9  48
88 76 17 13 2  9  41 44 35 24 64 33 30 5  12 15 16 18 19 84 63 98 80 42 29 53 95 18 98 63 33 98 71 78 90 82 42 79 54 11 26 90 57 32 47 5  83 45 27
64 6  40 81 5  56 53 54 35 62 64 5  99 66 87 63 94 79 12 90 95 95 35 5  46 99 40 33 85 95 12 34 40 39 70 89 80 14 29 6  0  92 21 69 11 21 56 3  44 34
31 6  47 34 34 67 0  8  71 91 25 67 65 6  66 56 68 80 15 85 5  36 53 89 66 7  24 35 64 43 63 96 83 90 4  56 31 83 15 91 94 77 37 86 58 52 2  27 7  23 12
78 40 48 12 22 68 83 16 28 72 61 25 85 14 57 93 20 93 19 9  77 39 82 3  68 71 77 51 21 10 26 89 75 57 46 28 61 40 5  46 62 65 59 66 3  78 20 73 73 47 62 53
69 0  13 89 93 90 49 11 73 5  38 54 11 47 47 21 61 73 8  36 66 5  63 72 56 10 91 44 42 15 51 99 21 67 51 77 94 36 93 78 45 33 99 2  17 20 1  77 82 6  67 99 1 
60 88 9  62 52 95 41 4  46 99 20 68 15 29 21 40 5  75 34 81 77 53 56 52 46 99 4  45 48 62 95 53 71 55 55 75 57 23 69 3  22 64 70 88 71 0  42 78 9  38 23 70 42 24
65 85 1  93 24 11 79 25 66 65 48 57 35 10 32 85 6  88 85 20 33 42 22 72 44 31 51 92 80 43 64 83 55 71 4  43 83 58 76 99 97 1  99 73 59 67 91 8  82 64 80 17 94 3  61
59 15 45 89 86 87 14 97 76 64 99 77 67 56 73 71 92 11 61 26 98 78 87 56 56 2  91 18 0  89 44 85 79 89 98 60 98 98 11 74 48 7  56 5  36 61 8  1  1  83 40 51 2  77 27 48
17 65 73 9  8  66 83 22 45 89 53 10 98 41 28 35 51 8  85 51 26 92 56 79 92 81 87 13 68 32 76 50 90 87 68 94 92 80 50 3  87 14 75 6  67 87 37 96 25 92 98 48 54 76 57 6  47
82 48 40 86 4  20 93 45 78 48 27 2  45 59 64 55 72 88 96 45 87 32 73 78 53 71 83 85 60 64 94 28 41 33 22 78 73 68 46 69 31 46 43 47 17 2  56 94 34 55 76 90 19 20 4  32 66 65
90 46 58 49 73 38 46 59 16 64 93 76 31 36 8  52 83 50 18 35 10 63 5  72 31 97 24 58 11 8  22 32 1  36 70 92 72 73 42 28 21 29 31 6  22 21 25 26 10 62 66 9  59 72 93 69 88 51 59
46 0  95 61 36 66 76 19 27 7  70 78 85 32 49 34 17 98 89 79 23 61 91 34 84 82 93 68 31 62 66 58 95 86 50 10 66 13 81 84 87 42 23 20 84 53 28 15 46 37 18 56 33 79 93 34 44 87 27 14
79 46 75 80 12 40 3  97 7  90 13 70 38 76 66 10 11 78 32 76 21 68 39 62 71 31 68 8  19 91 75 79 77 82 38 97 39 56 35 81 49 16 13 89 73 72 19 57 48 97 79 86 84 62 20 6  72 13 16 18 47
57 74 80 21 26 13 62 86 40 33 66 72 42 89 52 23 90 71 51 33 91 1  15 9  99 15 95 90 27 5  51 64 17 30 27 89 94 22 95 73 97 37 70 78 0  63 65 78 19 88 75 34 5  95 15 45 21 30 12 96 26 83
12 9  35 36 51 36 66 73 62 95 60 31 46 13 59 27 5  79 54 71 48 64 61 40 16 72 12 64 35 19 52 17 21 7  5  85 46 94 27 66 26 61 48 34 4  36 24 82 10 81 98 61 93 61 10 43 64 27 96 57 88 20 39
1  70 94 85 8  41 72 28 80 97 90 60 0  16 48 4  32 40 48 64 65 81 82 9  91 58 99 96 45 58 42 7  53 41 87 11 60 89 45 2  50 46 13 31 15 61 48 26 32 42 39 24 33 17 41 48 40 9  68 31 64 35 51 21
51 0  56 20 18 88 58 88 75 60 93 4  86 45 81 28 96 36 22 30 86 86 94 81 44 88 35 0  49 15 90 77 48 41 25 64 62 48 24 51 2  23 13 9  49 3  36 96 48 70 8  78 98 53 11 85 0  46 58 27 69 98 40 58 48
57 17 13 81 41 64 67 27 76 89 30 16 15 73 33 6  20 54 53 8  63 31 26 12 23 12 29 78 47 45 33 63 44 31 84 33 38 25 62 67 29 11 46 13 59 79 13 87 32 40 98 72 34 64 85 44 97 52 45 39 76 53 25 95 5  36
88 7  45 41 52 23 1  74 5  93 75 92 87 90 22 94 39 90 3  36 98 27 10 9  83 7  5  64 7  59 10 17 69 71 16 31 85 34 67 21 31 90 34 98 30 4  86 13 10 24 36 7  90 19 61 88 70 3  62 24 95 12 28 73 6  11 16
42 80 4  0  98 93 51 84 1  50 11 53 71 13 51 39 97 70 48 40 26 91 11 37 43 25 52 12 15 57 60 84 87 98 8  58 30 36 33 68 33 83 31 69 74 1  49 42 26 70 31 74 59 47 16 94 3  61 49 77 41 0  58 49 72 40 37 14
91 55 28 8  31 86 58 19 67 11 57 38 44 30 34 35 7  25 86 48 62 4  60 67 52 27 36 39 7  3  42 49 3  44 6  82 63 14 75 94 52 44 38 0  6  35 49 26 25 73 44 70 38 43 42 24 9  92 34 59 23 13 40 96 59 38 6  3  34
14 25 94 65 72 49 38 21 57 50 53 35 42 52 85 20 47 25 33 17 58 74 99 77 55 98 60 71 99 46 24 43 34 75 80 25 24 45 39 42 51 26 91 35 23 65 65 8  42 99 50 63 23 69 47 80 16 13 81 5  3  95 63 8  21 88 66 71 39 53
19 93 64 72 30 43 20 50 0  65 38 33 46 60 48 13 71 89 36 35 27 41 65 13 32 48 29 49 14 59 43 22 84 54 91 96 63 21 26 64 68 16 80 69 66 99 85 37 46 32 40 43 55 43 7  80 8  79 99 50 88 52 73 38 15 9  27 81 75 35 2 
5  0  24 38 61 45 32 29 67 6  75 49 4  98 13 31 13 71 24 17 89 21 36 2  44 64 46 59 32 70 42 69 77 59 80 6  48 68 49 99 35 70 14 28 53 16 60 24 70 85 39 29 88 30 12 45 57 59 66 55 47 34 3  28 78 73 62 35 22 75 79 8 
6  90 81 36 9  99 99 99 85 7  96 5  22 13 40 72 25 28 38 67 5  28 23 56 82 17 14 63 94 51 79 76 83 63 48 39 28 34 9  12 87 90 9  45 73 21 87 46 70 95 30 27 98 27 15 7  48 81 54 65 48 51 90 61 60 52 77 42 96 70 47 31 68
63 92 60 84 98 96 83 90 54 60 35 57 76 57 90 79 24 28 31 4  41 84 30 69 52 94 36 71 74 48 98 34 65 67 16 70 42 14 81 13 87 78 36 18 6  16 10 97 31 26 75 30 99 13 46 44 77 56 41 68 57 66 88 73 26 69 36 24 67 46 72 15 44 48
94 55 84 26 52 87 9  84 66 94 54 15 36 59 76 28 13 9  90 53 70 73 15 10 92 18 79 51 56 53 56 77 91 28 19 68 27 93 23 91 1  94 6  71 27 76 28 79 59 65 22 65 73 34 11 90 21 31 28 43 65 48 27 56 97 53 13 25 37 20 48 76 63 95 80
