91
59
61 41
23 28 52
0  0  50 80
82 70 81 43 30
1  25 84 33 40 91
77 9  34 66 32 16 36
90 94 73 57 7  34 23 8 
16 81 9  58 43 17 93 31 23
87 48 88 63 21 80 15 59 95 73
7  50 17 98 60 81 79 48 41 48 11
58 23 32 97 92 15 69 96 65 20 96 4 
16 40 49 8  52 28 56 68 4  57 8  55 61
69 41 1  9  29 14 97 87 15 94 18 7  46 73
39 86 36 8  86 2  31 54 57 23 30 28 72 9  75
54 16 17 42 29 98 26 2  87 98 78 46 87 61 32 15
38 14 34 56 63 17 3  95 88 94 79 84 70 26 34 57 2 
14 51 62 43 50 69 86 5  35 66 72 39 65 59 61 93 91 16
24 44 40 56 21 78 22 40 66 45 90 77 74 92 3  22 82 26 7 
92 98 59 88 48 20 26 3  9  57 96 74 58 8  24 38 88 15 66 96
49 62 59 16 16 2  23 64 56 36 39 70 38 24 15 79 47 90 40 68 27
65 10 82 81 91 95 53 76 22 32 71 2  15 57 44 98 24 85 9  12 2  1 
69 44 71 28 35 9  56 58 37 83 84 93 47 14 31 72 49 26 65 3  37 0  39
15 33 95 36 82 29 87 28 78 74 56 63 35 6  91 41 10 58 91 71 93 58 72 66
28 55 0  91 33 95 43 71 71 1  89 12 29 56 43 19 0  34 76 70 63 6  60 68 93
45 73 86 29 15 7  59 94 15 34 15 79 23 92 30 29 95 62 47 56 22 11 52 59 73 59
15 29 93 75 80 44 79 32 49 64 52 99 54 73 73 42 60 11 56 70 67 67 26 88 18 67 47
27 49 43 25 69 5  20 66 57 63 18 48 93 9  34 29 41 45 92 60 8  90 24 84 0  46 64 9 
28 64 12 41 12 5  9  69 81 1  42 41 68 8  72 94 37 83 42 63 86 62 84 67 33 6  61 35 9 
30 71 53 43 10 30 60 45 59 90 21 54 45 2  89 74 79 59 61 87 2  76 16 4  93 82 65 83 92 25
11 92 54 36 88 56 36 36 91 27 62 88 64 92 93 42 51 16 14 48 20 45 2  88 28 8  85 79 27 22 23
64 36 96 48 33 1  56 53 49 24 94 41 55 32 76 72 62 95 17 57 38 52 86 41 50 33 81 61 90 55 65 85
69 42 18 3  95 65 78 23 48 65 28 42 65 45 83 51 37 16 71 2  4  46 53 76 0  22 45 66 51 10 50 38 76
72 85 42 92 35 99 91 45 22 56 98 92 2  83 22 77 57 81 99 7  58 75 63 48 62 34 99 23 68 88 6  60 24 37
77 10 40 3  64 20 16 78 78 76 41 48 94 48 18 46 75 23 20 10 81 70 31 86 74 82 42 33 87 32 94 34 7  19 95
42 66 94 52 97 90 36 53 50 39 68 1  1  55 91 19 19 65 39 82 30 58 34 30 12 83 90 46 12 23 35 29 13 38 28 96
1  28 77 0  30 96 47 20 51 98 85 27 38 10 97 19 93 61 75 3  88 17 33 33 80 69 86 24 76 52 68 97 55 49 74 76 33
86 82 41 24 78 27 53 23 38 48 65 34 32 84 13 42 32 77 25 16 44 60 70 97 68 15 33 71 12 96 33 1  52 0  6  89 48 1 
78 5  50 93 38 96 33 59 16 49 88 13 23 58 81 51 16 56 81 50 72 98 34 33 84 35 37 2  41 57 93 11 63 14 15 76 73 97 84
79 64 3  14 27 62 33 65 9  87 42 53 1  95 88 90 34 72 70 72 25 35 7  21 72 78 83 53 33 49 34 25 34 45 15 83 75 15 70 64
36 5  85 42 95 27 2  22 75 6  22 16 55 37 43 81 64 66 83 8  33 80 97 10 80 3  10 95 18 97 62 32 76 12 14 61 48 69 84 12 4 
37 32 89 46 92 86 42 84 50 56 92 35 3  78 57 96 77 4  70 91 32 98 54 34 87 29 52 28 13 22 73 79 14 56 55 57 92 10 31 37 63 89
81 5  2  28 69 16 5  16 62 41 76 7  39 3  57 47 44 66 87 47 68 29 56 53 75 57 6  79 49 9  6  72 73 96 47 78 53 65 53 13 35 57 36
77 79 96 65 58 12 16 43 72 83 35 76 21 55 18 50 7  59 10 52 1  85 54 32 41 47 83 49 69 22 48 50 3  8  17 24 21 24 48 8  46 44 34 54
20 30 18 85 41 19 38 5  21 80 84 81 51 3  58 69 46 24 15 88 23 30 77 24 18 31 2  30 64 93 41 41 70 49 59 53 94 11 99 63 93 35 91 42 82
73 77 17 61 33 61 56 57 75 25 29 8  86 12 19 19 22 21 55 24 58 49 4  90 97 10 18 12 46 59 92 24 76 13 35 2  28 35 65 76 44 52 1  93 92 45
46 65 11 33 84 13 84 62 28 62 74 28 64 6  24 83 45 40 29 12 97 63 30 24 87 67 34 84 1  80 22 62 95 6  6  21 85 53 20 26 0  94 47 79 81 51 41
94 90 94 38 27 24 22 36 60 12 63 14 88 19 9  80 61 47 30 51 33 70 77 42 1  87 60 4  90 94 17 54 91 79 88 36 67 83 50 48 67 72 25 74 76 8  25 49
87 5  52 21 2  35 54 28 34 94 46 76 10 55 49 62 21 65 60 85 97 72 97 95 41 28 63 77 29 17 85 29 17 44 2  93 15 76 46 52 82 68 22 58 25 14 24 7  61
94 50 76 67 32 60 61 88 84 98 96 59 93 1  88 6  82 19 16 10 12 22 22 91 83 64 8  52 74 49 18 10 3  87 86 19 52 43 51 57 58 66 22 64 19 66 73 0  71 56
51 28 99 21 19 91 49 86 47 33 22 16 23 11 77 9  14 75 16 85 96 95 31 83 56 96 60 40 88 0  19 6  52 57 94 54 88 30 87 64 61 79 44 8  25 45 33 89 19 30 13
91 37 23 26 41 13 56 5  95 10 76 97 9  42 68 49 93 53 6  91 7  59 57 26 27 81 64 52 49 30 44 84 92 99 37 13 49 36 53 94 48 87 48 19 36 5  78 99 77 23 49 3 
74 93 71 13 98 70 63 6  42 69 49 43 48 8  35 87 98 52 61 42 7  70 98 5  33 25 5  30 55 34 45 28 66 59 26 1  37 76 60 84 26 4  6  1  98 60 48 16 27 65 96 80 95
43 67 51 51 71 75 0  97 71 5  53 18 16 43 89 65 18 9  88 98 55 24 40 48 39 5  53 42 82 4  6  78 67 26 12 88 69 66 16 9  62 73 59 76 98 98 4  32 29 55 57 20 53 40
75 92 32 50 16 48 69 98 6  46 47 68 13 71 25 3  29 24 12 97 14 93 29 88 85 26 28 35 83 60 42 76 54 64 99 69 50 54 81 8  50 81 35 48 55 69 34 13 81 73 71 63 35 47 65
10 50 89 83 56 64 0  20 86 4  66 0  37 86 25 15 51 31 23 97 89 32 80 31 23 96 93 63 27 83 57 42 7  64 25 18 68 38 66 94 71 55 48 91 61 25 18 33 21 56 58 2  8  55 10 96
25 45 24 9  99 90 80 25 99 75 10 35 86 62 73 99 57 8  95 85 31 23 23 93 91 48 35 12 76 70 1  32 60 69 31 77 20 44 39 20 18 28 2  63 56 61 63 33 26 81 3  15 70 80 25 0  86
6  27 82 83 58 42 72 50 77 57 84 78 0  62 50 17 95 20 0  22 72 48 13 19 21 33 97 22 86 94 27 63 2  60 1  84 82 21 89 26 71 70 89 58 21 53 27 90 9  74 52 3  6  20 53 64 35 55
33 87 59 93 87 79 17 67 73 39 80 15 56 81 97 93 85 99 37 41 95 51 54 97 68 46 14 43 94 52 5  70 70 83 79 83 59 37 5  94 83 45 56 7  34 67 40 84 90 2  75 18 23 13 6  33 75 37 6 
19 17 96 28 42 12 72 22 23 64 98 8  11 95 19 96 68 52 2  81 33 95 70 60 36 96 84 68 8  87 3  32 24 87 11 26 82 96 21 38 6  38 24 74 81 61 54 92 51 95 82 78 14 33 41 51 54 10 88 89
50 31 94 2  50 61 46 81 65 3  51 96 67 41 81 59 74 98 24 51 30 3  93 39 40 11 30 97 61 92 15 47 61 69 6  64 15 75 0  96 85 69 67 34 44 0  13 57 15 20 58 26 80 59 84 39 31 12 20 23 14
81 92 21 13 53 14 63 79 35 33 62 20 30 9  28 51 73 72 83 46 67 26 87 58 70 52 61 85 58 78 12 95 29 41 7  9  64 72 42 11 96 44 96 49 76 52 81 43 46 37 4  45 9  28 9  5  32 27 91 42 81 39
51 54 53 44 28 51 21 70 43 23 20 30 81 23 15 52 64 13 76 63 41 65 87 40 61 93 6  10 58 28 48 80 49 70 50 81 82 35 52 11 3  10 58 79 40 29 11 61 63 64 80 26 72 70 2  3  21 70 92 48 9  47 45
37 40 15 31 59 35 71 77 68 36 61 92 46 14 14 97 60 81 48 79 39 6  8  34 82 84 16 7  74 15 2  59 66 3  44 57 91 74 74 77 6  5  75 39 63 10 30 57 73 69 82 29 50 83 67 26 47 84 30 47 29 54 29 31
91 96 63 77 41 0  95 26 93 22 24 33 29 31 99 45 18 37 31 94 76 67 11 6  88 44 16 50 59 90 18 87 56 2  94 64 2  9  49 34 91 30 23 30 62 81 3  39 74 37 20 43 44 64 90 33 66 78 18 62 54 44 51 37 59
63 73 82 46 68 84 3  81 12 15 24 94 1  27 83 76 4  46 96 82 45 58 50 12 38 61 37 76 56 49 13 70 9  16 22 13 67 48 55 4  10 19 15 23 63 25 47 64 92 66 27 91 99 93 82 97 90 1  62 8  23 26 90 54 34 86
76 65 21 87 99 61 37 80 84 85 70 88 37 91 75 82 81 55 1  15 14 84 19 24 14 16 20 17 34 36 50 88 85 57 81 2  6  75 67 51 60 65 41 8  38 39 26 93 3  67 36 44 32 25 36 33 29 39 71 98 83 43 60 80 89 13 14
35 15 85 53 69 90 12 75 42 22 12 66 44 99 71 0  84 73 45 78 53 26 71 25 87 33 0  26 29 49 42 10 34 51 73 32 17 32 92 39 14 37 98 94 26 91 5  23 74 8  88 86 10 83 49 36 25 8  91 76 20 72 42 30 73 68 87 75
33 70 76 49 35 84 83 80 6  34 28 96 19 31 58 43 76 54 15 84 16 99 26 86 93 36 95 90 41 15 61 3  5  73 17 77 51 13 36 69 18 61 41 65 6  21 4  14 11 75 10 98 77 57 53 43 67 33 80 52 35 22 70 2  84 77 51 64 70
85 79 58 52 87 17 44 20 71 13 32 28 33 81 79 21 38 97 7  3  45 75 42 69 85 33 36 55 55 85 7  45 24 85 44 98 94 95 75 19 56 75 73 98 56 64 58 89 78 82 25 3  80 7  74 26 45 47 25 83 79 18 27 85 88 39 16 9  90 7 
68 56 3  35 39 96 36 72 48 59 11 18 74 19 60 64 99 95 83 47 20 23 65 72 97 61 45 21 49 63 13 73 80 67 35 11 48 82 15 20 73 48 46 57 27 33 59 27 78 39 29 51 46 32 58 34 43 82 94 40 98 61 53 55 36 24 78 96 76 62 42
20 46 29 2  88 82 80 94 56 14 88 98 71 30 88 91 82 22 65 63 16 91 8  81 0  90 50 84 33 85 1  68 19 68 18 39 69 19 57 48 57 48 83 51 54 37 60 94 60 3  30 90 73 21 70 20 6  81 8  89 24 95 70 62 9  26 23 55 84 29 63 32
77 42 31 10 3  90 77 75 62 55 16 10 56 86 42 55 77 52 4  94 77 41 18 84 85 48 81 77 58 62 8  67 82 69 4  59 23 71 90 86 4  73 72 56 8  19 87 47 5  62 2  28 30 54 36 36 68 29 41 28 89 3  37 44 31 40 43 73 82 77 80 52 55
92 86 73 55 56 86 33 97 53 80 63 2  54 41 14 35 65 86 61 24 72 56 41 80 97 33 44 96 40 23 28 67 14 58 45 73 25 0  79 18 39 95 61 49 35 16 74 18 95 67 32 74 80 63 42 11 66 9  98 51 10 59 75 19 73 47 23 14 35 11 47 46 95 29
4  67 34 94 16 20 72 84 5  9  99 38 86 49 78 6  85 36 81 65 28 88 96 78 8  5  96 44 46 71 79 96 82 66 74 19 17 36 92 33 30 58 88 42 64 99 30 61 34 83 57 50 52 18 22 3  34 56 73 3  25 49 16 42 75 89 80 41 17 69 54 47 38 5  52
64 51 37 28 48 63 45 49 77 11 56 50 61 90 29 46 82 87 71 58 26 42 88 0  35 60 45 94 12 35 92 82 41 77 3  73 20 20 7  36 93 90 50 10 73 68 53 3  49 5  2  56 7  9  23 30 10 19 12 17 83 45 81 34 29 3  62 16 43 56 17 93 2  68 7  33
1  78 10 98 59 31 77 15 21 16 21 77 22 55 22 56 32 28 11 76 0  25 52 46 23 72 45 74 55 52 27 44 80 0  6  44 33 85 70 60 58 73 73 73 51 34 39 44 94 0  25 83 78 22 69 77 9  24 76 52 28 96 7  14 65 40 78 61 24 52 91 71 68 37 83 27 20
74 81 10 63 76 72 95 30 32 95 28 13 17 62 76 15 0  32 88 88 7  90 68 74 41 81 62 21 78 78 45 44 37 94 10 72 72 41 85 99 39 53 84 96 57 63 3  63 17 51 97 3  55 73 1  27 30 88 28 17 20 57 59 12 81 67 43 44 12 55 22 42 57 6  38 65 47 76
15 90 34 21 77 50 73 90 95 44 25 83 97 64 47 15 4  13 87 20 61 29 61 83 33 72 83 79 59 74 24 87 33 83 85 57 42 78 3  55 54 36 3  3  49 1  41 66 74 25 85 95 59 70 36 54 12 33 45 19 55 56 28 90 5  58 26 75 79 13 9  37 94 64 63 58 93 63 62
81 41 68 9  87 9  45 47 39 47 90 42 4  80 96 52 52 5  42 86 62 65 13 54 0  2  74 49 69 57 59 65 64 81 69 95 98 47 47 9  19 87 6  27 73 95 59 8  2  49 94 23 49 90 88 36 19 83 45 90 39 72 78 66 46 79 57 24 91 14 35 18 23 54 24 67 77 63 50 13
98 90 8  1  85 51 90 24 60 10 92 46 24 17 91 71 38 64 67 7  31 33 68 49 48 88 3  88 90 49 87 5  98 51 0  77 34 31 8  84 16 3  38 42 73 55 73 77 76 25 31 41 93 47 92 47 44 78 82 65 53 88 59 79 2  16 32 34 98 25 52 79 43 72 99 99 54 7  62 12 74
63 38 48 63 74 21 1  73 55 6  92 36 82 61 71 57 75 11 52 46 22 49 67 3  57 22 25 26 6  95 27 31 48 34 49 12 9  61 40 91 16 5  72 60 10 88 15 50 43 99 46 29 71 92 36 73 15 4  53 60 89 51 24 82 87 29 21 95 74 72 81 95 46 61 14 81 1  37 38 54 26 92
87 29 6  96 96 72 81 10 26 71 52 24 96 24 26 28 66 7  16 53 8  57 52 54 31 64 92 49 47 51 24 8  12 69 48 16 57 0  76 98 28 17 96 12 96 62 27 17 29 87 47 35 34 94 90 52 20 8  89 58 76 22 79 89 4  54 80 53 77 40 48 63 6  44 2  40 54 35 0  33 52 75 97
74 92 12 37 69 15 95 5  40 51 30 87 60 22 74 5  51 49 27 17 72 86 38 61 10 84 35 2  20 61 24 93 35 7  50 94 49 91 82 61 0  69 0  8  83 71 82 43 21 46 23 19 53 62 85 33 43 67 87 59 18 28 17 26 25 32 57 93 72 97 36 90 40 60 61 22 97 56 8  10 70 58 52 31
65 65 16 80 19 27 59 25 35 80 78 21 90 25 60 1  76 72 39 65 32 80 50 70 20 48 45 6  32 82 58 88 27 79 75 65 70 1  82 14 74 84 17 62 61 56 39 76 15 19 63 62 70 71 92 41 23 37 70 90 69 4  96 78 13 14 76 87 3  58 87 64 27 94 87 14 25 5  81 35 87 60 64 27 54
55 2  89 19 55 82 7  77 84 55 16 85 22 36 7  83 71 36 30 33 24 42 88 75 55 35 95 39 69 61 5  37 65 91 84 20 4  32 57 87 60 91 17 83 90 38 2  32 11 30 98 59 95 68 65 46 0  20 94 50 31 80 49 99 61 38 78 62 61 88 53 67 6  96 90 13 13 85 5  60 94 28 90 11 6  56
25 24 49 62 55 65 78 52 31 62 24 44 51 81 34 60 64 79 50 81 1  24 98 93 25 64 33 18 7  19 18 59 39 50 86 68 45 76 81 51 56 86 94 39 50 64 82 7  4  20 48 35 33 86 65 96 5  97 69 14 12 66 19 37 27 87 10 62 44 47 15 3  55 28 99 72 48 59 65 89 77 28 73 26 75 76 42
37 33 18 24 85 19 7  20 50 94 57 29 22 33 20 34 61 85 54 13 15 79 75 28 11 96 0  16 63 6  93 25 14 66 25 91 13 47 90 91 67 81 6  82 93 30 64 44 72 31 14 91 96 74 63 16 42 30 9  75 87 5  86 25 4  9  48 76 37 16 16 80 25 12 9  18 49 17 35 77 38 2  94 40 72 45 6  18
24 65 67 75 23 51 23 8  22 51 86 10 49 82 14 52 24 28 21 80 42 64 81 96 76 11 23 37 97 98 0  82 90 5  64 65 81 89 57 92 82 43 14 31 41 5  15 99 94 7  83 89 33 16 98 85 16 46 22 29 63 46 10 21 8  15 31 31 29 72 9  4  72 33 21 0  74 3  62 13 4  90 3  87 82 27 34 89 73
68 97 67 49 66 82 72 2  86 95 70 42 6  77 3  31 78 79 84 88 65 8  10 53 77 26 23 74 29 93 7  4  36 9  29 24 84 8  30 8  29 3  91 46 47 1  79 73 74 14 10 59 64 68 39 76 68 24 17 75 19 94 16 90 74 99 18 78 33 35 50 89 78 46 7  54 85 65 59 52 22 11 5  90 16 54 3  27 9  40
84 2  63 0  41 82 42 92 38 65 57 71 35 81 38 29 80 9  63 44 18 68 73 82 94 58 12 20 86 73 35 76 89 30 47 45 12 87 96 95 15 24 41 43 38 2  68 91 60 99 82 73 32 53 91 32 16 2  14 98 90 24 77 18 13 70 80 63 10 74 75 29 51 75 87 39 37 90 16 96 52 99 51 39 95 91 44 81 79 38 31
