82
90
39 37
83 85 69
42 34 13 5 
40 97 26 99 56
98 26 47 60 76 45
10 26 68 85 47 77 27
61 98 25 44 90 97 60 31
45 32 22 25 37 17 29 11 57
93 4  14 44 99 48 53 86 73 75
12 44 57 53 81 47 45 64 4  74 96
84 57 43 31 37 63 48 8  55 92 14 48
3  4  87 38 94 22 57 52 45 7  60 18 21
76 28 95 32 39 65 1  80 14 71 88 93 93 55
83 55 81 40 39 12 37 36 69 27 11 3  44 81 55
8  43 33 73 52 37 33 37 15 38 42 61 67 0  8  87
80 36 30 39 72 94 4  86 18 76 46 69 94 31 64 25 13
35 69 72 47 72 43 70 6  89 72 47 92 74 99 87 32 56 11
34 3  28 51 41 79 86 55 87 81 84 3  90 44 20 4  84 28 46
32 2  65 30 71 72 51 27 29 13 1  13 68 81 91 17 39 50 84 62
65 29 1  78 62 22 99 91 45 87 58 41 35 33 18 31 97 8  92 84 90
62 97 94 83 0  30 68 95 81 5  58 1  85 93 77 58 19 74 10 65 42 50
75 84 43 32 71 47 9  75 53 67 8  81 46 21 64 40 84 0  25 83 50 27 12
1  11 95 80 89 53 26 24 70 4  73 94 99 44 1  36 30 68 81 68 32 28 99 57
33 69 67 22 11 86 10 10 20 18 31 34 7  17 47 45 32 94 75 77 93 90 88 23 34
32 34 39 59 70 91 36 96 7  29 98 57 5  11 21 31 54 14 19 25 39 60 10 93 74 77
78 20 27 88 85 27 41 40 69 52 47 64 26 77 17 9  68 7  81 8  16 89 92 32 77 59 55
42 8  5  67 14 41 47 52 59 27 37 5  55 54 65 3  84 71 87 17 43 61 81 61 69 82 24 26
18 66 42 66 12 74 69 30 39 95 70 36 37 94 53 78 23 90 40 49 23 34 75 84 16 46 12 32 23
59 97 60 13 30 89 99 31 90 91 52 11 16 39 71 6  41 72 96 64 18 25 70 26 93 8  17 90 53 46
29 59 88 4  38 37 9  5  6  55 66 27 74 94 87 18 4  67 87 10 50 5  74 64 61 11 17 83 86 23 54
44 60 55 46 99 37 30 21 67 82 93 56 38 50 69 93 88 25 95 30 35 35 66 13 57 78 32 24 85 17 88 78
62 75 14 6  21 61 25 19 68 47 30 29 41 67 15 70 86 49 83 15 69 83 22 3  37 15 28 74 52 73 86 87 17
76 76 99 26 22 18 45 78 14 45 74 12 32 73 75 21 33 24 46 64 26 78 88 66 45 16 8  88 26 16 18 93 56 71
23 36 1  88 20 24 45 34 38 81 68 36 31 70 32 37 45 52 84 55 38 69 45 2  63 1  15 38 20 58 77 93 3  78 0 
21 31 1  54 10 14 47 86 51 56 55 57 85 42 34 97 81 75 82 62 48 13 53 85 66 9  25 10 80 42 1  45 60 83 8  61
66 34 68 39 37 60 58 6  37 12 13 92 70 48 90 69 24 14 32 9  15 73 1  60 60 12 86 8  41 36 53 18 36 64 29 79 21
64 82 71 14 96 66 97 2  20 45 69 15 79 16 11 88 93 71 73 44 43 66 68 0  42 40 14 58 64 4  78 95 81 25 3  56 22 0 
45 95 32 63 17 33 57 6  91 36 99 13 10 55 10 50 93 21 66 78 42 91 42 78 40 46 61 20 97 64 87 8  92 18 98 29 84 20 9 
49 18 37 91 94 95 96 89 20 91 97 97 95 8  0  20 31 47 9  41 53 35 79 49 99 80 5  34 16 22 54 57 32 65 67 64 67 52 74 91
79 4  26 80 61 41 20 65 66 91 60 18 3  93 66 8  65 96 11 86 49 17 31 67 56 44 15 93 90 2  36 3  85 76 11 1  81 75 50 91 48
6  89 51 55 9  96 4  94 21 73 10 49 12 32 86 17 96 56 70 28 15 60 9  52 49 30 86 54 64 5  15 40 14 21 1  17 74 20 4  57 62 64
94 6  75 26 56 37 94 77 74 76 39 2  76 40 47 70 35 38 35 26 18 36 60 42 45 41 11 40 23 50 58 84 87 72 42 11 9  51 20 37 4  54 8 
4  27 20 30 20 11 85 17 84 3  71 89 34 90 68 96 71 61 21 61 50 88 50 8  60 10 90 84 45 69 21 70 35 43 32 83 57 37 23 82 83 99 55 75
40 82 50 36 53 45 14 77 7  52 37 2  56 84 83 28 55 74 45 55 58 85 72 57 83 84 16 4  60 92 78 40 0  26 7  68 36 87 77 29 60 35 86 45 21
86 55 53 59 92 49 99 54 52 50 20 89 75 15 66 23 39 59 10 57 62 30 2  16 29 26 76 29 6  92 33 41 90 43 1  36 13 41 81 32 88 9  25 35 55 49
76 99 64 23 8  32 85 32 7  42 10 38 31 55 95 34 88 85 41 78 30 30 68 30 91 45 2  82 4  79 36 9  83 24 68 0  82 38 39 61 73 44 19 53 68 71 42
30 38 18 55 15 80 17 75 98 51 40 68 20 70 78 62 5  73 79 14 52 50 77 46 38 30 82 51 12 52 92 44 12 12 52 13 82 30 65 0  63 57 43 16 85 59 14 51
19 74 98 84 70 54 93 90 69 62 39 64 63 44 50 18 69 24 34 36 1  71 59 8  48 56 60 36 5  28 71 13 41 70 30 87 51 71 1  24 37 55 87 49 6  54 69 76 74
45 4  44 77 98 44 22 19 79 68 91 44 14 88 15 26 76 83 17 34 0  72 26 30 89 62 21 46 7  73 55 77 86 21 72 17 87 0  38 61 27 46 41 68 48 55 96 42 47 58
57 99 34 94 3  45 22 14 81 35 93 92 43 7  16 4  38 46 50 26 51 64 30 1  64 15 53 30 40 47 10 7  89 33 79 30 96 13 92 7  50 62 54 10 72 33 46 13 50 49 99
90 45 49 87 95 61 97 82 34 35 50 74 94 58 43 70 52 48 92 2  85 89 70 93 60 53 19 27 71 59 38 41 42 22 70 72 59 4  91 35 2  91 92 37 58 19 41 71 3  47 76 75
27 21 67 7  60 77 79 27 61 57 81 58 68 60 12 47 29 18 27 14 37 97 21 91 37 13 25 24 80 77 52 29 5  38 45 45 19 14 90 56 15 48 28 7  74 12 96 94 14 26 50 8  16
69 28 57 93 75 1  12 45 50 66 90 27 12 74 59 2  23 56 4  31 31 7  50 45 85 51 21 82 33 90 30 75 28 54 63 21 55 9  79 6  12 61 84 94 98 28 19 40 82 42 38 67 85 8 
69 76 99 49 13 28 83 18 34 46 59 54 90 65 1  63 69 17 2  22 52 99 76 80 62 34 38 41 47 99 62 60 9  23 24 25 20 21 26 61 1  21 39 7  28 31 26 70 38 99 35 85 79 4  66
20 36 64 40 73 55 1  61 8  19 20 73 62 78 93 79 73 82 76 99 46 20 92 77 72 79 12 89 90 53 18 50 94 59 61 38 65 19 25 54 62 64 66 42 24 66 60 97 89 25 93 44 15 76 63 1 
48 33 93 48 54 11 71 42 46 50 85 89 6  58 20 34 63 19 85 89 87 65 91 72 53 61 91 53 10 91 33 13 39 68 37 31 5  99 54 48 9  20 63 88 80 30 18 26 76 28 40 23 44 13 33 60 11
67 90 46 63 2  80 5  84 87 51 99 56 12 79 75 36 84 5  21 11 0  38 56 99 31 12 51 49 94 84 79 33 89 67 34 24 64 86 95 15 12 12 16 58 51 57 51 78 96 26 63 86 43 37 90 50 63 84
23 9  12 96 18 73 79 77 98 83 61 36 74 14 2  82 72 50 57 5  57 96 87 38 1  61 2  62 96 86 35 44 20 57 4  34 7  64 8  66 68 92 30 89 52 21 99 79 37 54 11 91 98 38 35 31 21 93 56
25 8  46 23 2  30 8  30 91 11 55 26 29 22 48 5  62 94 87 95 11 0  34 74 67 58 81 24 11 6  52 7  10 87 62 82 40 30 88 38 88 95 45 74 36 11 95 69 25 50 43 1  97 61 66 63 89 52 21 27
38 37 57 98 54 55 32 95 3  46 90 30 18 20 13 12 10 66 80 61 84 80 34 64 3  82 32 8  42 7  38 25 44 1  96 69 98 89 14 60 33 29 65 97 66 74 67 64 30 38 95 6  22 40 26 80 39 16 11 72 57
14 34 73 1  29 24 34 91 84 97 85 65 59 9  68 83 61 76 2  48 75 56 40 46 28 23 78 99 72 34 45 11 64 65 46 70 19 1  34 57 2  82 5  69 95 36 57 35 85 3  75 1  9  3  93 73 74 39 75 84 11 16
26 94 40 39 58 29 81 31 86 30 75 94 85 22 35 14 97 25 45 26 43 12 43 84 93 70 22 66 8  26 68 94 86 53 66 23 5  69 6  14 63 10 0  43 4  6  7  85 1  41 31 92 3  96 97 8  95 96 67 65 74 7  62
85 38 38 68 50 91 0  88 92 28 79 97 75 83 37 70 55 87 38 49 70 28 27 61 55 27 83 29 34 95 56 37 21 15 58 38 91 45 57 53 80 30 81 36 67 81 74 73 58 66 19 50 33 72 10 88 26 48 19 14 98 1  26 45
5  64 51 84 43 17 72 99 78 34 93 39 48 76 43 13 50 5  73 58 24 88 11 90 46 94 56 32 20 85 67 89 39 7  39 92 5  86 0  75 21 5  80 47 92 69 25 46 32 77 17 0  2  83 42 25 63 42 93 52 41 38 55 85 83
95 51 7  2  31 88 58 94 66 13 77 51 33 78 92 26 81 22 9  22 57 38 34 12 82 81 74 7  96 18 82 53 89 62 38 54 59 69 88 45 48 90 16 95 10 19 44 27 36 85 0  25 55 99 19 29 82 9  32 84 54 97 5  3  75 1 
54 78 39 94 13 85 13 13 97 17 42 42 0  12 42 88 17 60 91 27 97 66 59 45 23 90 74 69 3  99 67 57 91 21 50 19 0  87 96 38 83 58 75 17 23 66 23 0  13 25 71 9  75 75 73 66 74 97 73 79 6  15 60 44 0  8  50
92 83 38 87 69 92 0  50 9  6  86 36 92 60 48 34 34 86 18 69 94 16 61 23 44 90 78 98 50 37 88 23 72 43 90 45 13 93 69 54 77 80 39 59 81 82 45 56 9  16 47 95 24 96 88 92 92 87 59 18 71 98 87 46 29 1  58 35
44 77 60 12 44 8  33 94 3  36 59 76 47 54 72 89 93 21 14 91 13 63 29 60 66 80 10 90 23 52 52 8  83 19 15 94 84 48 57 64 64 92 36 16 56 79 76 11 41 95 0  23 96 67 54 87 0  57 86 32 43 58 23 61 47 70 36 8  51
18 47 14 20 14 52 8  13 29 62 54 79 79 47 21 27 57 68 69 22 41 6  58 47 75 25 90 98 69 38 28 75 93 52 12 54 24 7  55 20 23 14 74 67 53 17 80 33 22 22 50 13 99 14 42 15 72 10 78 71 99 1  67 30 1  75 46 28 55 18
6  89 13 49 44 92 15 88 5  91 86 37 44 83 42 8  43 64 71 43 56 25 71 44 33 84 64 26 80 32 40 27 67 88 8  53 88 76 8  25 74 83 81 65 15 19 53 35 61 3  38 71 19 76 86 85 7  16 23 65 10 86 91 10 55 12 46 25 82 23 60
47 88 21 3  59 43 87 37 28 45 80 64 25 77 93 69 72 16 18 2  99 71 11 48 13 54 7  22 89 56 66 7  35 90 70 11 38 94 39 80 80 84 91 60 94 97 49 86 75 2  0  17 78 1  53 34 24 95 18 40 9  15 96 10 14 15 18 51 30 3  59 35
85 7  62 96 46 91 87 32 23 93 67 45 79 85 57 98 90 20 53 98 31 2  3  77 3  33 91 61 91 39 72 79 86 4  48 54 86 94 9  7  33 70 89 83 45 63 97 0  91 77 30 31 21 65 77 1  93 73 20 41 48 4  66 95 14 20 12 56 49 83 12 97 70
1  14 94 51 95 62 84 4  85 41 3  46 75 21 75 87 71 54 96 17 48 78 12 24 51 26 16 52 14 85 2  76 84 0  2  76 66 75 9  0  98 62 41 73 4  81 34 90 26 57 51 51 65 68 86 87 3  66 5  47 45 51 1  54 30 27 94 26 43 36 76 35 96 41
58 71 21 18 71 85 42 21 90 54 9  24 25 16 51 12 43 43 86 55 97 74 9  42 53 95 55 43 69 38 6  99 70 11 72 38 39 99 54 25 28 89 5  56 32 82 15 14 75 17 19 78 10 28 28 79 86 71 89 41 31 62 2  19 50 87 39 36 28 54 30 88 15 69 20
90 64 31 90 98 54 88 58 56 96 33 99 75 46 65 8  71 6  18 64 48 94 22 78 56 75 96 60 52 33 58 95 68 22 77 61 21 75 89 43 70 93 12 36 53 58 1  50 99 5  91 88 28 49 28 57 17 25 24 87 97 41 50 98 74 51 8  30 84 87 90 26 12 63 16 58
60 93 41 87 64 74 57 19 54 65 13 30 61 66 86 13 83 65 16 62 10 34 59 81 89 18 51 68 68 8  76 61 99 36 46 31 17 72 27 46 11 67 76 50 15 42 9  80 65 74 99 19 60 50 51 72 67 49 36 32 30 65 59 60 57 88 80 37 75 17 6  69 99 80 94 26 8 
11 49 0  29 64 42 21 40 23 60 93 4  68 4  88 7  56 75 20 99 21 96 14 47 59 27 74 96 4  51 59 21 81 48 12 69 21 41 94 84 17 24 94 85 77 97 16 71 99 51 51 40 45 6  73 6  75 94 82 74 39 83 55 56 56 19 94 90 99 58 43 21 60 73 24 91 25 21
24 61 91 24 88 79 23 45 60 81 1  83 64 78 1  91 33 37 59 45 79 24 63 70 0  70 35 53 38 39 11 54 43 9  56 67 89 2  12 13 38 23 43 71 1  23 70 74 67 58 40 65 25 67 35 11 7  15 52 25 96 35 60 35 91 9  9  43 62 86 63 1  49 85 45 48 79 16 78
18 51 15 14 85 84 27 11 54 38 80 48 76 94 49 98 25 69 5  26 73 25 3  82 35 94 28 78 28 85 93 59 34 35 54 99 82 55 53 75 48 33 26 76 29 41 47 56 15 61 24 78 66 45 26 62 40 46 78 1  21 6  86 40 78 62 2  54 88 36 42 51 43 54 6  94 27 0  28 80
61 40 74 64 84 26 18 53 46 30 22 3  35 22 60 43 44 91 34 88 99 69 40 24 16 90 91 43 44 56 81 10 73 6  70 63 79 26 49 67 71 51 67 23 26 73 13 7  24 88 23 15 29 78 63 0  6  15 74 14 43 59 47 99 94 6  0  88 43 19 66 60 69 39 35 91 87 79 70 93 4 
38 62 50 23 30 52 11 26 49 44 9  1  61 88 93 10 10 93 38 46 31 16 51 1  49 59 53 98 19 62 97 80 88 77 39 91 54 7  46 91 25 74 57 90 95 80 75 47 31 40 87 89 99 98 58 66 79 95 56 28 78 66 80 88 91 53 49 48 55 94 15 0  79 49 54 3  41 58 80 9  50 84
