52
20
84 84
71 66 21
23 34 20 5 
35 76 69 22 80
25 14 14 81 83 42
96 65 84 36 78 37 45
68 62 80 73 15 49 15 60
24 68 1  3  22 71 48 57 57
81 85 71 34 90 70 36 17 43 69
83 49 12 97 48 74 65 69 62 28 23
89 17 85 88 33 53 36 55 56 67 57 69
44 45 53 91 21 70 91 13 39 65 65 91 88
47 35 60 80 96 11 39 47 92 84 58 1  64 2 
6  37 15 40 78 46 85 26 98 92 3  58 41 88 98
22 35 31 38 3  2  40 40 33 34 44 46 10 98 21 52
37 10 44 87 71 9  83 44 37 53 11 53 53 38 32 64 48
57 11 4  74 60 55 95 18 55 43 2  80 71 46 11 3  1  28
20 29 82 73 9  50 34 79 3  83 78 30 52 82 97 43 48 56 15
69 36 77 38 47 69 48 49 97 97 97 4  29 19 29 90 48 78 71 33
48 75 7  40 53 4  58 67 60 41 76 22 85 57 56 95 69 1  0  78 71
19 9  43 43 37 5  94 8  53 0  39 10 3  98 87 46 10 59 70 24 99 43
74 65 71 97 22 54 75 85 9  14 75 91 34 22 56 20 32 18 23 38 29 33 22
13 24 5  9  73 73 4  7  49 0  4  18 26 75 12 20 11 66 54 81 80 52 13 93
7  87 63 38 26 21 3  11 15 40 67 27 19 19 49 62 39 73 2  33 1  10 98 4  54
35 22 7  15 24 54 17 7  3  32 94 75 49 24 75 96 97 23 54 45 44 83 21 21 81 70
44 34 60 41 34 61 51 85 29 41 36 50 4  4  36 84 94 4  53 53 27 5  72 89 3  75 4 
53 61 94 80 6  47 38 51 72 47 96 25 78 73 88 4  20 23 22 13 29 59 1  82 39 86 38 86
70 0  56 94 77 95 94 12 57 17 4  58 44 51 82 88 24 77 56 38 28 95 74 15 34 57 40 66 9 
96 68 73 80 6  93 8  24 0  94 50 64 53 40 14 57 70 34 25 99 99 39 79 28 58 23 6  98 5  27
4  65 16 71 7  44 70 33 80 53 54 1  44 58 22 87 41 53 1  13 14 82 11 94 54 74 98 57 27 37 7 
78 47 51 77 88 24 51 73 9  47 40 13 47 21 51 61 84 3  62 19 97 23 4  89 50 78 85 68 22 93 25 85
24 40 72 66 46 53 54 81 79 85 28 48 52 91 28 98 36 62 96 59 91 95 18 97 13 18 60 85 25 41 92 85 84
94 27 4  89 28 73 18 73 91 19 70 96 19 10 69 10 47 64 50 14 8  79 79 7  9  10 90 37 49 38 26 68 82 68
11 13 67 24 57 74 0  18 53 21 58 4  3  42 37 96 96 10 15 84 14 35 36 52 67 58 2  86 85 86 65 87 13 67 7 
61 59 92 56 12 53 0  11 6  40 35 57 77 18 3  84 46 64 29 58 23 5  65 32 18 26 67 88 66 20 22 11 47 85 64 58
87 37 99 81 54 56 16 23 8  56 98 68 88 50 40 44 86 96 90 16 74 0  31 97 49 51 67 12 77 2  46 42 55 10 57 36 58
34 33 67 24 85 86 24 9  98 70 55 65 84 11 25 80 30 7  83 38 64 34 38 47 57 70 4  52 81 37 45 82 60 54 39 2  79 64
84 14 42 11 42 4  93 82 89 36 87 45 82 82 98 73 41 92 99 13 82 67 26 34 99 49 82 2  24 52 21 44 15 91 27 15 17 11 33
13 52 27 0  26 62 74 43 30 0  58 78 18 86 64 10 34 40 72 34 14 60 50 67 47 48 27 43 1  42 84 86 92 58 76 77 61 27 71 47
82 30 87 38 11 73 26 88 0  12 1  63 41 53 88 11 62 95 65 20 60 63 56 56 28 54 85 58 30 68 6  97 89 58 54 12 77 25 76 6  16
27 0  59 11 20 78 52 37 1  1  57 28 50 43 54 34 18 60 89 72 19 90 81 0  24 55 89 19 12 56 58 5  7  1  16 31 84 20 4  90 35 62
63 30 3  31 66 21 73 10 12 7  76 22 44 7  8  52 68 55 12 22 76 71 22 5  15 7  54 55 38 97 63 82 36 44 93 44 41 32 49 75 39 3  55
61 29 69 1  5  55 43 64 53 49 17 58 71 48 18 13 11 80 31 16 51 2  56 87 71 18 9  96 52 37 7  76 82 56 9  97 84 63 73 65 44 63 65 31
3  61 31 3  4  95 25 99 35 69 67 52 84 93 99 86 61 68 79 57 43 28 69 93 89 77 18 31 62 11 58 61 97 85 22 89 36 60 77 80 70 14 77 75 91
76 80 74 20 13 1  99 31 63 94 73 25 85 56 30 29 12 71 57 20 52 44 80 72 86 1  43 34 79 30 99 45 27 74 63 72 90 99 92 25 60 1  18 58 10 53
6  61 21 1  20 87 85 53 17 79 70 62 39 40 6  0  97 15 39 41 81 41 80 16 2  52 52 9  38 31 36 4  46 84 96 93 3  58 89 67 16 28 64 37 87 69 88
61 62 10 47 5  82 24 24 91 3  19 62 10 83 83 82 5  32 94 45 43 34 28 14 0  21 12 93 0  41 5  5  57 43 0  84 78 9  85 92 91 1  89 0  67 96 24 63
7  1  42 13 59 12 84 53 41 25 93 62 96 11 20 41 95 36 30 75 47 5  4  90 93 61 63 4  91 80 99 12 70 93 42 29 95 15 78 76 6  10 23 70 63 43 35 32 75
47 24 31 57 82 12 12 74 40 44 57 44 93 67 98 59 9  16 76 26 76 24 14 69 26 94 34 19 44 68 66 13 0  41 30 84 42 49 41 33 98 23 73 1  33 2  87 72 14 69
28 69 35 43 34 95 81 63 96 93 70 94 64 83 66 85 90 16 52 47 64 16 41 58 8  14 69 67 56 46 44 10 12 47 30 5  75 60 18 3  27 62 58 64 41 97 60 28 33 2  41
60 77 69 3  41 29 23 40 41 77 64 17 22 21 19 30 25 39 17 63 75 16 88 99 43 86 43 41 1  97 57 11 28 43 33 27 70 47 54 15 74 52 47 28 63 19 76 25 81 44 87 6 
