26
12
91 93
57 93 58
57 89 0  44
79 20 77 21 65
16 1  30 77 72 86
93 64 31 6  94 67 27
69 80 64 5  76 59 3  72
61 48 69 24 50 65 51 81 32
86 24 27 32 99 13 34 91 5  27
2  15 3  4  82 91 20 87 53 1  6 
10 11 72 17 23 59 18 19 76 68 65 19
35 29 38 92 95 51 26 0  17 19 86 13 90
18 63 13 6  3  59 25 51 24 88 62 30 64 31
55 44 76 93 77 26 6  1  73 93 0  28 30 45 2 
2  2  55 77 61 68 3  89 26 18 75 85 89 35 35 61
71 65 15 50 70 27 52 11 24 21 77 49 9  63 87 17 97
55 66 49 3  12 65 44 15 63 4  97 84 86 70 70 75 19 43
28 85 72 22 90 61 39 37 95 9  87 16 59 72 98 85 97 38 95
92 13 0  60 76 72 45 52 74 70 49 79 44 55 4  26 52 39 52 34
69 96 68 66 61 0  93 25 69 25 19 78 59 63 25 70 96 31 76 38 62
69 42 73 99 35 8  56 72 5  58 96 11 38 0  90 71 56 9  94 62 30 93
59 0  60 8  90 0  84 5  0  89 67 86 68 73 56 53 12 77 51 95 59 99 89
46 12 80 60 32 19 67 47 99 88 84 35 69 53 10 80 16 71 22 72 28 5  26 26
59 83 24 74 10 48 36 63 3  68 99 5  16 91 40 67 30 29 29 17 68 23 90 15 66
30 25 83 19 89 34 71 72 74 28 15 66 40 74 80 38 83 71 56 32 43 45 87 55 29 11
