49
29
36 13
2  8  17
13 77 91 29
21 42 21 45 41
38 83 41 34 22 54
1  10 2  75 42 4  11
17 76 69 25 40 19 41 70
14 20 91 50 84 55 48 63 28
68 23 98 76 63 14 5  28 67 36
11 5  56 68 61 11 23 83 34 37 44
39 65 60 78 73 13 97 45 94 41 64 9 
10 22 92 40 0  88 22 95 2  11 72 90 55
60 5  28 33 29 1  66 16 64 82 11 28 64 22
58 88 36 9  72 23 57 63 87 28 78 37 83 18 57
68 22 26 71 96 6  19 51 41 33 12 27 94 34 89 43
37 65 60 4  25 38 42 14 59 67 81 46 26 36 14 81 80
55 65 91 77 75 88 66 66 41 70 85 80 70 35 22 47 11 54
92 43 57 93 79 71 55 86 98 29 73 43 68 27 30 31 30 36 21
30 83 24 70 17 47 89 13 89 65 38 13 60 11 14 56 49 70 20 4 
17 89 50 26 64 99 90 88 2  27 56 72 7  38 80 16 12 95 57 72 28
87 38 73 5  75 66 7  10 30 38 30 75 51 92 20 78 44 11 77 2  54 43
77 14 90 83 51 54 38 70 68 7  4  72 29 92 58 18 91 26 2  9  38 35 44
67 54 61 18 41 71 17 28 25 71 30 94 83 30 12 79 95 35 16 19 3  47 88 17
25 5  65 85 78 25 15 26 6  18 81 28 44 96 84 29 56 23 1  58 37 24 63 94 64
33 31 54 62 11 85 1  84 60 98 16 58 7  81 64 29 47 15 9  61 34 7  7  39 75 15
24 67 87 0  51 29 82 51 95 28 62 22 40 20 65 91 1  72 20 24 18 45 54 60 98 98 64
22 24 74 46 23 46 32 60 1  90 34 9  55 49 8  32 48 78 79 85 35 9  35 41 30 27 10 42
78 76 9  49 30 32 85 90 79 93 66 15 56 10 93 97 71 41 85 84 63 50 86 16 4  50 8  87 36
63 28 17 37 86 55 97 65 83 55 6  73 64 50 34 80 5  6  79 92 16 53 42 95 8  68 34 32 31 37
73 78 70 5  17 15 65 52 17 1  67 79 60 63 84 25 83 5  6  96 0  5  62 64 85 8  82 76 20 56 43
2  29 94 39 44 73 15 23 60 69 47 49 14 42 25 69 74 67 69 68 82 13 23 31 78 23 84 18 89 41 14 23
86 54 1  74 7  12 63 2  56 46 25 31 5  17 66 63 25 19 77 65 63 96 37 91 49 12 70 32 91 29 2  66 24
57 70 44 22 3  7  12 88 71 86 41 94 15 73 7  59 10 88 31 8  6  84 42 5  63 68 77 43 6  16 18 89 7  20
17 24 22 29 89 61 47 48 50 39 10 31 82 31 96 53 19 84 15 32 67 25 26 40 13 7  13 36 55 41 37 35 20 55 57
66 84 52 15 97 6  86 93 42 62 95 24 38 57 22 43 34 56 50 71 24 81 1  74 56 8  99 25 99 37 25 82 46 77 69 42
48 16 34 19 74 27 37 54 33 79 68 29 75 66 93 84 33 28 67 5  30 49 81 67 5  56 18 57 53 37 26 15 57 1  9  43 68
45 84 24 31 14 95 81 35 36 68 74 51 43 21 83 26 60 45 13 44 34 41 23 52 64 34 55 76 20 44 19 48 44 59 50 35 61 10
51 97 72 74 2  70 98 77 64 19 81 34 67 20 42 11 12 42 79 72 6  1  89 22 19 86 84 6  55 78 43 20 51 27 16 81 84 76 16
95 93 52 21 45 93 7  69 46 27 77 58 57 11 36 81 2  71 24 97 89 39 46 74 31 99 53 1  85 53 30 4  18 60 16 29 30 35 44 84
37 81 91 43 31 87 60 5  43 1  27 87 58 33 63 10 86 21 15 20 23 58 10 47 15 21 84 94 17 54 79 39 16 80 1  39 10 51 84 93 26
99 11 23 17 48 37 2  9  1  61 60 56 57 25 22 72 24 57 7  86 14 98 59 48 10 27 72 27 79 15 0  21 14 15 14 17 36 0  23 56 33 70
75 10 76 98 92 73 46 30 49 28 24 20 15 98 80 6  89 91 52 28 91 86 68 19 42 4  71 6  48 53 61 95 71 56 77 46 85 33 36 57 42 21 76
48 94 77 77 17 90 81 92 90 25 29 37 8  72 30 69 16 79 9  48 5  17 6  9  98 86 42 30 36 73 87 35 66 22 58 26 5  20 78 94 95 91 64 85
54 61 95 18 58 48 83 46 42 88 18 81 22 54 91 82 65 45 67 18 3  66 98 12 92 75 98 63 16 85 74 19 92 14 32 64 60 2  3  81 28 37 83 53 82
84 20 14 39 89 47 51 15 22 91 17 67 22 71 82 87 42 52 47 65 41 16 8  50 13 35 23 40 95 54 4  94 18 78 50 82 38 74 71 0  12 79 85 57 97 24
27 37 45 24 98 74 72 97 29 14 83 27 61 63 61 30 6  30 67 73 82 39 53 81 92 28 25 65 91 9  78 84 99 60 26 13 50 12 98 59 87 53 96 21 73 5  82
34 43 13 19 1  40 37 66 32 50 22 7  44 62 19 31 2  2  80 77 68 15 42 22 48 58 78 35 20 3  21 16 68 30 77 82 63 81 22 38 50 34 94 12 18 77 85 4 
87 1  62 77 44 8  32 23 32 87 20 95 19 41 65 68 9  46 95 29 62 76 94 75 94 94 96 2  78 52 44 32 55 63 8  15 63 52 39 63 78 84 45 40 7  80 9  97 68
