33
24
81 86
94 22 0 
23 33 35 43
11 50 63 40 43
23 85 15 81 55 78
34 97 74 77 63 74 80
54 62 60 74 94 29 86 26
16 4  60 28 44 24 99 81 20
13 20 32 11 57 41 3  57 69 59
26 71 96 46 21 7  76 29 51 96 44
0  69 55 3  28 35 39 15 90 46 12 18
72 18 90 39 28 1  65 99 86 70 58 20 57
14 19 56 21 83 29 45 22 76 81 86 54 70 38
85 22 51 83 84 29 36 77 93 84 34 50 48 92 16
50 42 28 42 48 29 63 66 93 99 48 63 16 25 91 85
43 95 75 13 26 11 90 59 53 39 83 66 1  0  38 10 0 
3  17 87 9  19 5  36 50 18 15 53 69 57 53 67 84 96 93
75 34 60 90 94 22 34 14 89 46 65 14 14 21 69 8  49 10 6 
11 37 14 42 63 48 36 94 7  7  95 15 75 8  10 86 49 16 94 83
96 14 22 12 28 1  38 60 10 66 9  73 53 31 64 20 88 68 53 73 37
38 90 73 66 34 40 41 91 6  76 22 33 53 39 49 14 88 56 7  29 28 38
67 46 23 85 72 30 54 17 10 26 60 18 57 74 51 94 47 38 59 68 73 47 59
95 96 97 79 98 54 21 0  64 31 13 46 12 0  52 4  83 65 68 93 36 16 44 52
68 4  35 82 38 42 23 96 59 30 59 79 4  29 75 15 34 46 0  27 41 39 35 15 21
88 33 2  98 55 32 99 63 10 72 69 17 93 42 17 63 47 10 44 38 36 21 39 97 66 17
98 18 21 59 89 18 56 27 17 83 19 27 50 26 13 10 67 15 95 72 39 1  54 20 32 52 33
30 15 0  16 95 68 81 60 27 38 59 64 60 8  71 87 96 42 45 76 66 58 62 82 63 89 91 44
75 63 57 96 21 8  48 11 63 20 74 16 86 18 48 96 22 85 21 22 65 55 14 83 17 46 87 57 82
21 69 30 10 37 42 35 84 68 4  88 38 45 85 2  92 37 94 33 33 56 75 90 19 90 38 44 22 60 58
68 47 45 67 7  66 98 54 86 12 70 34 16 62 88 3  80 79 77 98 23 87 19 42 66 30 1  62 89 75 45
40 57 95 78 95 0  41 75 30 17 38 12 5  7  23 60 44 99 33 66 79 64 10 5  98 41 53 79 19 26 88 42
80 5  88 4  43 24 23 11 28 7  32 6  36 86 10 54 51 59 98 26 82 72 34 68 69 81 54 21 65 44 43 1  97
