63
96
0  91
83 99 37
24 61 50 15
59 33 43 12 63
69 27 15 82 17 12
46 97 34 77 55 80 29
94 1  55 67 77 97 79 40
42 81 60 83 25 44 85 60 0 
61 46 31 39 28 72 67 21 12 13
69 1  10 73 94 79 4  65 83 73 51
90 2  7  52 81 81 56 40 51 14 68 65
22 38 78 82 35 62 4  68 22 62 1  2  30
81 79 4  5  79 99 9  32 27 8  18 43 20 66
12 73 19 93 25 51 89 46 72 46 35 26 78 89 84
44 58 94 55 29 48 0  2  93 96 5  26 29 1  93 96
65 14 85 65 16 49 35 65 36 3  62 89 77 32 0  14 23
13 5  11 37 60 30 62 61 16 13 55 87 90 17 87 91 92 55
65 50 41 85 49 23 60 71 17 18 77 88 94 60 47 99 97 90 50
74 0  41 70 7  73 49 23 30 50 27 34 51 79 24 85 77 21 11 86
99 69 94 6  8  69 3  97 96 84 83 76 56 97 6  40 37 44 98 50 29
53 64 68 80 91 85 3  77 38 32 77 15 67 75 68 96 7  52 27 73 27 41
44 73 88 69 89 75 31 67 30 61 21 59 10 50 63 59 90 59 51 56 2  26 95
86 0  37 60 0  78 13 7  20 1  89 15 50 32 45 73 27 33 45 16 28 87 77 60
67 50 85 20 83 97 21 66 90 67 48 44 54 6  16 28 28 71 3  69 58 36 92 61 23
39 24 89 43 52 26 1  21 74 59 23 90 86 96 70 73 59 30 15 81 53 76 55 84 10 15
33 52 39 75 59 25 99 71 94 51 14 31 24 66 45 15 71 58 61 22 10 67 88 15 81 6  70
23 74 2  59 15 44 27 48 80 27 21 26 15 6  33 89 0  80 17 20 44 29 54 56 86 97 71 17
96 53 55 21 93 36 46 22 9  83 87 26 26 23 67 39 83 8  21 43 28 25 73 88 41 43 32 38 9 
22 15 83 50 26 88 67 59 10 76 88 23 96 16 86 76 66 68 24 69 71 73 37 52 63 86 61 42 46 58
23 24 47 8  12 26 5  44 55 43 93 80 22 99 49 84 34 99 76 44 8  92 25 99 12 60 55 85 80 32 49
11 66 6  75 69 50 44 49 46 25 70 75 11 83 51 69 49 84 77 75 17 80 59 83 7  70 1  32 62 0  90 29
85 17 61 50 50 87 58 0  44 20 4  50 78 63 69 40 17 86 46 79 47 32 77 98 50 96 96 5  79 6  2  9  95
64 86 21 22 29 39 1  55 90 6  55 14 88 34 1  59 18 69 29 46 21 17 62 24 96 89 76 76 4  6  79 60 79 68
16 19 45 62 36 74 93 68 7  25 17 46 11 46 16 74 20 31 44 99 80 55 79 76 27 52 0  88 0  15 4  4  23 11 36
35 18 6  77 84 87 59 35 50 28 48 18 41 95 65 63 22 36 51 26 56 32 36 55 79 41 61 56 96 74 37 94 0  40 53 16
75 85 89 39 1  9  66 84 74 4  4  69 76 40 68 19 38 30 50 81 53 23 68 75 76 78 57 72 21 32 78 99 56 78 5  84 33
50 9  39 84 21 83 96 84 75 64 32 62 55 94 12 40 79 72 51 13 93 43 0  71 0  61 92 79 25 7  52 68 11 73 89 0  81 96
20 89 2  37 77 99 16 0  9  15 25 39 3  81 31 72 89 94 32 88 82 97 78 57 83 86 24 2  99 59 55 8  41 82 39 18 53 48 0 
9  28 36 32 61 66 37 3  88 89 64 93 41 31 68 49 39 95 74 52 5  12 77 63 68 3  80 74 94 88 84 3  61 65 36 10 38 25 36 56
97 63 38 88 14 83 9  34 6  60 93 72 4  50 74 63 37 35 29 6  76 53 37 0  38 79 96 4  10 86 86 66 91 1  56 17 3  79 12 59 79
41 35 68 26 32 25 32 50 87 98 44 51 53 87 25 75 29 2  61 80 56 99 61 80 31 83 89 55 44 42 27 55 22 76 59 3  97 14 92 64 51 87
15 92 40 92 86 97 24 48 39 77 3  85 95 20 60 88 39 26 89 77 53 61 97 51 73 15 92 46 57 47 65 99 53 23 9  38 47 31 0  49 13 93 29
81 91 67 84 7  85 37 29 53 99 77 29 64 24 84 99 71 33 37 45 36 93 33 60 65 61 79 59 10 67 32 6  33 52 7  85 24 58 31 65 37 97 51 93
59 32 70 30 46 17 83 66 97 69 78 62 20 90 20 78 71 37 79 11 75 34 80 99 7  20 40 98 96 30 43 90 52 36 13 82 9  16 42 69 91 5  10 18 34
34 89 70 54 44 29 11 54 43 62 41 55 49 56 3  59 48 92 86 29 42 55 67 16 99 91 33 84 44 98 67 38 68 77 75 68 90 8  79 83 21 32 52 82 73 15
15 94 82 81 49 16 57 36 76 29 89 73 85 33 61 34 32 98 90 7  39 29 29 12 67 0  59 28 40 68 61 75 73 67 79 72 18 24 3  77 11 32 45 30 58 77 38
13 33 68 10 19 1  24 44 83 51 33 42 68 13 77 47 3  18 31 48 30 71 0  15 38 32 42 17 42 45 58 46 4  24 18 49 77 88 86 24 66 61 0  11 63 85 49 13
37 95 17 53 22 91 0  34 7  82 56 49 57 83 60 74 76 55 19 65 40 99 66 74 28 6  97 42 0  35 65 40 28 82 1  10 77 29 41 27 7  72 56 53 42 2  95 92 69
41 29 30 27 43 69 99 69 10 20 44 13 89 24 6  81 30 43 87 8  14 76 97 92 78 59 21 59 94 66 39 11 29 87 84 23 36 90 93 46 72 87 61 47 47 90 4  0  90 3 
78 32 80 14 85 92 19 98 56 0  93 77 95 34 61 10 90 50 34 99 50 61 16 25 88 3  30 53 11 13 47 17 74 15 52 55 27 91 18 48 28 97 10 52 67 97 48 64 42 39 0 
89 27 69 37 4  71 56 81 92 31 28 81 53 41 25 84 26 21 92 86 72 54 72 30 17 29 36 35 49 45 0  73 47 46 43 23 12 52 26 85 71 61 97 43 95 31 38 92 60 44 64 59
76 24 54 11 56 3  86 34 63 15 57 55 73 22 31 2  7  40 41 84 37 63 91 66 61 66 6  8  46 69 18 66 39 89 3  13 1  61 53 80 56 24 66 45 19 59 44 92 99 37 32 9  88
60 22 36 89 78 65 81 18 49 39 44 91 78 67 33 42 89 57 8  5  78 44 97 38 65 77 21 8  21 27 24 6  43 15 29 7  93 51 81 63 26 52 5  14 75 25 45 29 96 79 33 21 99 86
50 39 48 58 76 90 36 37 64 98 49 39 3  75 59 17 24 91 58 87 33 50 33 0  79 47 11 8  33 53 72 64 8  38 32 90 65 92 41 46 74 82 62 92 19 66 42 6  67 40 96 48 47 97 77
86 98 28 7  69 97 38 32 6  50 95 14 96 62 26 54 44 21 70 20 86 43 34 89 83 79 79 51 98 0  31 71 33 69 59 77 42 71 52 25 41 84 77 83 61 79 72 50 51 12 82 22 3  61 92 71
49 96 83 79 27 65 57 69 46 19 0  80 21 90 77 89 24 98 94 63 77 40 66 77 44 45 34 76 46 92 23 16 48 61 91 11 92 40 21 66 16 48 35 81 29 73 77 14 87 69 86 61 83 34 91 67 33
70 5  42 55 68 42 93 41 99 24 76 60 59 82 89 85 29 73 37 62 8  64 34 90 12 38 7  11 42 87 17 38 54 59 88 25 60 1  1  70 79 71 92 16 89 19 99 17 65 79 37 67 78 46 27 48 87 18
33 44 15 85 3  44 71 99 0  4  91 83 59 45 34 95 7  5  58 29 6  43 46 87 44 3  12 41 18 61 64 14 73 52 69 14 23 4  39 38 72 2  72 24 7  2  36 40 56 8  97 26 23 76 54 86 46 32 82
82 25 1  86 29 9  49 29 85 68 62 13 64 22 44 84 19 82 11 43 24 24 69 85 97 68 84 3  59 38 44 8  1  86 11 3  40 15 72 40 74 42 31 30 82 20 47 88 46 31 30 15 7  67 65 80 48 35 20 27
35 0  55 35 90 54 28 98 23 67 49 30 5  22 67 10 14 74 44 98 55 92 35 0  34 84 62 59 98 52 57 96 9  21 44 75 53 77 27 18 90 73 2  57 0  1  51 37 17 12 57 79 28 36 8  20 79 45 28 10 83
66 45 48 89 67 90 42 77 97 66 69 1  10 10 60 94 35 35 25 85 66 32 49 53 51 61 2  46 18 68 63 79 62 28 27 79 95 39 30 38 30 84 73 95 5  98 26 31 87 80 77 71 32 42 95 7  51 88 3  97 3  61
53 20 72 78 73 22 88 15 1  45 79 28 43 44 10 60 80 84 77 83 10 25 82 0  81 1  79 96 94 40 60 40 89 68 83 18 70 6  30 34 13 97 66 37 95 63 4  71 93 14 86 51 94 2  80 80 48 87 35 53 70 14 1 
