53
7 
55 24
34 47 42
58 16 31 48
77 49 81 79 40
31 47 1  75 7  11
88 68 45 94 75 70 81
34 58 72 20 78 49 95 44
87 1  89 80 17 19 38 76 33
68 65 22 21 96 53 29 40 83 17
21 7  70 66 50 60 8  24 3  52 32
44 47 64 60 31 44 8  42 83 32 1  64
49 44 16 37 47 87 62 57 7  24 4  27 88
1  39 55 13 6  64 57 9  94 61 64 69 62 70
76 31 46 85 36 88 38 44 85 65 50 82 0  15 60
37 49 91 54 98 38 74 70 96 95 12 90 85 86 14 66
96 44 91 6  62 8  56 84 62 14 20 56 39 74 50 53 19
33 60 39 26 54 62 1  61 95 64 63 48 85 32 52 41 21 97
4  94 12 65 40 59 23 61 21 62 31 66 25 29 10 9  35 31 57
63 50 93 14 19 48 29 38 99 20 93 70 57 36 93 75 32 86 83 75
5  42 66 56 34 67 29 24 65 37 56 31 3  32 7  17 77 96 8  61 5 
94 91 11 85 69 86 79 40 7  49 71 68 23 50 11 54 42 47 92 63 34 56
84 91 6  87 87 29 81 24 79 99 85 64 6  18 97 40 97 84 17 52 12 46 90
73 55 78 93 25 63 16 34 99 16 57 14 2  53 79 84 38 15 19 67 60 39 97 29
76 88 49 8  13 17 5  29 67 7  73 14 89 81 13 84 75 83 12 70 24 73 24 93 22
32 40 86 58 91 77 42 83 10 25 87 43 64 43 0  78 39 56 44 60 24 49 13 24 86 65
23 10 75 96 81 86 66 78 18 82 57 80 56 90 45 93 26 67 3  97 18 28 58 75 92 98 80
2  81 41 99 27 16 23 50 5  28 58 48 83 60 83 27 2  0  11 82 41 28 48 13 38 52 32 34
1  36 32 56 3  98 51 8  15 89 24 27 5  69 52 68 4  91 34 60 43 1  33 55 18 26 76 64 32
6  4  48 6  62 32 4  97 12 31 97 69 80 43 80 6  51 67 73 62 57 97 1  40 78 48 68 24 79 97
12 12 28 96 10 68 66 17 55 94 86 56 38 10 30 97 87 41 4  75 17 44 54 35 68 27 58 46 5  95 16
41 37 2  25 92 15 66 1  18 31 80 21 99 56 13 96 44 34 58 8  61 76 73 43 72 22 30 63 34 36 63 54
94 68 79 28 40 69 6  5  16 9  45 13 89 46 33 15 63 88 54 88 50 12 2  18 68 96 68 99 66 17 71 50 35
42 30 62 29 26 24 41 5  38 91 54 97 94 20 85 72 73 80 57 28 10 45 32 52 5  10 8  0  38 42 73 58 54 84
26 69 69 41 3  82 50 38 52 97 92 25 57 54 53 70 52 14 40 83 29 28 74 28 8  63 36 21 9  44 61 18 80 95 7 
17 47 50 86 27 57 80 52 19 68 31 25 83 39 42 13 15 17 63 0  38 27 31 47 31 65 91 73 54 43 58 78 96 15 22 60
32 85 84 22 15 87 34 95 32 67 31 95 79 54 80 61 59 96 30 11 5  5  7  41 74 66 62 25 68 42 44 74 68 44 1  45 15
14 86 18 24 61 21 36 73 49 95 12 87 60 76 87 47 29 54 21 54 93 16 31 90 12 75 20 73 6  83 86 75 30 43 50 89 50 5 
22 63 7  11 59 61 33 82 60 80 7  41 12 11 7  3  22 80 19 40 43 20 67 98 25 45 54 57 3  90 52 7  38 64 11 94 31 39 37
96 4  38 31 54 9  29 4  95 11 80 49 5  13 83 86 33 50 8  29 50 22 58 93 64 17 94 29 30 44 61 51 20 51 67 9  65 70 22 13
43 76 47 3  16 99 20 92 51 91 39 96 1  81 2  77 66 28 40 67 81 23 80 7  26 85 90 5  44 31 3  1  84 77 42 50 36 7  26 57 86
55 54 5  82 89 39 47 62 47 11 16 32 90 97 97 75 38 95 62 94 47 51 35 26 32 0  93 73 67 91 69 44 43 88 61 24 2  83 75 32 49 91
36 61 64 0  34 13 64 7  13 52 10 18 17 47 69 30 69 85 81 72 23 70 41 32 17 9  27 49 36 39 84 1  29 61 41 87 50 66 70 20 55 49 25
56 52 0  8  67 96 92 87 83 56 79 8  12 86 16 22 76 40 29 53 9  51 37 10 44 64 73 16 89 69 74 77 89 32 7  58 12 24 18 63 78 92 98 85
63 82 29 68 87 57 57 29 93 33 16 52 32 86 5  75 45 42 65 65 80 68 92 8  19 25 24 57 16 5  46 38 12 55 67 58 31 43 22 18 50 4  73 36 66
66 78 54 44 87 44 76 86 82 71 25 72 22 0  46 51 60 58 62 66 28 56 94 94 41 21 49 23 35 49 23 28 86 64 50 71 19 66 97 19 90 85 34 77 69 50
41 56 58 92 11 93 75 5  95 26 20 66 29 50 98 49 32 39 89 9  25 73 21 29 87 55 20 8  77 5  43 7  12 11 77 10 2  70 44 96 16 27 73 32 56 46 98
7  95 77 85 71 31 60 3  17 39 25 83 86 9  32 35 38 85 47 98 88 82 42 3  94 50 22 49 14 63 65 76 52 98 9  82 12 93 73 54 73 40 48 29 51 29 14 78
61 36 57 26 84 42 89 26 66 22 72 18 62 45 41 2  4  6  37 7  8  9  39 69 49 96 54 78 61 71 38 83 87 48 99 36 4  54 44 9  89 55 24 95 64 24 56 34 87
69 89 37 59 29 4  8  93 34 16 93 80 28 47 18 24 70 86 75 95 55 46 22 43 84 15 41 66 18 52 97 85 67 52 88 61 33 15 97 27 72 98 31 33 57 75 53 5  80 63
42 5  30 96 4  40 60 56 36 74 86 84 51 73 17 55 4  24 59 41 32 32 70 82 88 86 31 84 13 12 48 25 14 87 49 43 99 80 53 67 52 40 86 1  37 11 41 91 92 52 19
7  77 72 76 36 79 73 59 28 92 96 51 38 1  34 61 4  12 14 43 84 86 16 6  72 10 2  91 61 78 3  8  16 83 46 2  8  84 49 42 22 13 56 82 18 80 93 58 11 18 33 47
27 47 96 41 87 10 96 65 89 54 18 53 72 45 22 79 69 61 7  49 91 7  3  74 74 57 98 69 93 68 77 77 26 2  89 23 70 6  78 99 54 33 1  66 39 56 59 7  2  24 22 70 33
