51
11
8  17
46 10 50
15 94 55 65
51 14 32 82 42
83 35 92 76 59 27
70 38 6  77 3  13 95
70 16 58 19 54 11 18 23
89 43 46 16 96 68 80 5  46
92 25 17 27 23 63 42 20 94 23
12 78 16 23 19 36 23 89 80 59 5 
81 16 39 35 51 47 64 72 12 45 34 31
99 74 63 50 35 65 24 77 84 22 87 19 67
17 56 12 29 45 98 41 52 48 90 57 16 27 6 
40 61 32 53 33 73 62 60 38 29 30 82 88 26 54
93 43 40 1  87 42 61 85 5  13 34 22 17 28 75 4 
5  31 19 94 99 37 13 36 95 28 86 39 53 33 52 66 22
78 20 20 81 59 49 99 21 17 27 62 80 32 19 78 72 52 5 
68 29 6  6  95 67 20 66 47 82 31 70 7  40 72 81 95 19 52
7  37 85 16 34 32 39 89 78 71 51 29 43 23 57 0  22 6  35 20
72 4  2  39 35 87 71 86 99 23 56 89 2  59 93 53 98 96 96 8  68
76 66 53 12 9  33 17 54 10 2  99 51 77 8  27 69 18 16 7  34 77 96
2  1  50 44 27 35 66 2  9  28 17 78 89 86 53 71 67 46 45 93 22 29 27
4  2  9  43 37 57 92 36 10 52 94 15 1  89 75 32 20 54 41 9  43 78 29 49
49 88 85 24 99 38 46 20 41 54 42 61 32 64 66 52 72 7  9  76 77 58 74 5  92
27 37 25 11 18 89 48 81 65 61 1  30 6  56 53 76 51 24 16 99 30 29 90 39 10 47
63 8  29 63 17 60 0  68 6  53 24 95 95 36 23 83 92 96 75 7  45 1  74 1  39 66 36
4  58 49 32 36 57 10 69 75 52 97 20 80 5  2  8  2  22 54 86 95 91 18 53 87 83 30 24
11 0  61 58 48 8  4  43 67 80 28 21 23 63 7  91 68 70 87 49 23 84 69 5  94 99 70 99 29
29 68 14 14 97 64 87 96 55 21 40 66 49 58 54 84 74 73 76 45 71 70 61 99 85 37 67 14 71 3 
98 48 45 47 42 68 14 98 18 44 47 67 66 34 3  74 67 22 25 46 58 32 35 25 38 88 97 86 7  79 52
39 22 0  29 30 77 73 96 27 78 26 58 73 71 52 88 94 13 47 62 13 32 8  43 85 68 59 65 74 17 68 19
40 76 89 79 8  12 54 55 25 47 56 92 52 8  12 79 30 12 47 28 27 50 4  65 69 25 29 54 68 50 8  76 19
92 63 2  21 41 9  56 30 55 36 9  4  44 46 95 97 23 65 31 62 25 38 95 7  4  36 84 27 24 8  21 98 72 24
21 49 9  32 24 41 1  99 32 0  10 46 86 85 60 29 56 90 81 58 25 35 44 42 76 36 64 41 30 54 40 89 80 30 1 
63 63 72 49 28 29 42 76 92 67 92 75 19 95 3  34 7  78 15 70 88 82 80 93 32 82 23 30 95 38 75 83 79 13 13 98
38 5  38 18 4  2  11 2  87 32 50 71 48 14 6  44 58 70 11 72 27 26 4  8  81 39 10 58 36 16 11 28 15 37 7  39 17
93 71 28 59 0  10 61 58 62 10 42 85 54 79 84 46 84 29 52 67 30 77 73 32 39 85 91 97 0  7  86 74 67 12 60 32 1  54
38 85 36 59 26 87 26 5  75 51 9  19 60 5  68 34 46 44 42 78 24 81 26 94 8  91 42 13 75 97 96 32 54 78 10 42 72 98 86
28 84 42 84 36 14 2  22 58 78 86 92 85 74 67 80 66 72 97 69 81 14 39 78 20 85 35 26 36 71 58 72 89 83 50 20 81 8  72 95
51 66 11 94 60 94 5  48 33 69 73 63 42 65 20 26 87 86 59 84 60 98 56 9  18 87 46 37 39 2  57 35 2  9  68 57 33 93 18 73 89
18 6  91 6  89 25 60 59 21 33 71 24 93 63 60 7  11 71 18 38 21 52 19 1  46 12 95 35 89 85 68 72 47 9  54 51 26 90 90 58 43 57
46 5  27 85 41 22 79 57 40 98 75 34 15 71 92 20 14 77 84 1  14 81 3  98 66 0  2  50 96 23 30 79 97 38 52 75 95 91 88 89 47 37 67
19 86 48 40 41 35 87 94 67 22 90 54 9  30 73 76 57 84 66 15 11 59 26 26 43 13 37 67 23 78 10 64 79 14 6  61 27 32 14 69 41 27 60 44
90 97 20 26 2  51 50 80 70 95 50 65 94 56 78 76 4  88 14 66 41 0  88 30 83 94 16 8  5  24 66 65 78 99 79 6  51 35 96 77 23 0  34 30 13
56 89 9  44 39 5  10 29 58 36 12 37 60 75 51 87 58 35 11 17 52 11 90 28 45 67 99 43 2  71 33 4  68 9  55 13 48 36 6  28 38 2  44 17 66 23
9  82 46 75 13 34 75 78 47 31 80 94 3  10 25 57 14 41 24 46 6  72 40 66 72 56 49 18 46 88 49 71 40 92 95 1  1  72 95 36 63 62 95 27 22 89 54
88 81 25 21 93 25 9  30 49 31 43 5  44 44 51 87 39 67 80 80 77 92 5  58 27 98 45 82 8  98 6  98 34 28 50 69 30 22 9  81 55 18 3  57 4  73 37 23
15 12 99 23 69 83 39 73 8  60 18 94 27 52 15 31 7  24 69 25 31 62 7  2  73 29 47 79 42 50 3  61 88 99 82 77 14 72 61 4  46 77 38 38 15 19 34 90 57
44 94 40 11 21 3  83 38 39 1  57 58 94 53 88 60 12 84 6  54 60 35 62 6  82 41 64 24 21 27 31 58 70 58 62 15 62 78 45 52 31 45 69 55 9  37 91 86 57 54
80 45 27 68 64 86 56 64 55 31 12 83 29 88 3  6  89 3  29 61 32 89 78 70 59 92 18 48 56 40 70 66 64 96 43 12 41 1  56 10 4  7  48 71 13 52 25 22 3  19 97
