41
92
11 71
15 93 86
25 82 1  86
69 98 44 26 38
90 18 5  86 33 54
73 53 1  75 72 46 54
46 46 11 59 29 40 87 51
64 35 25 69 8  19 77 87 88
41 17 78 92 25 88 53 1  3  46
99 32 96 59 7  1  95 15 16 56 67
26 7  71 78 56 10 89 76 56 50 62 83
64 72 66 68 48 2  10 94 69 52 86 0  92
14 63 39 16 32 28 83 20 98 63 89 9  88 18
78 92 64 92 80 0  90 95 51 36 99 79 94 14 70
90 4  19 71 20 75 71 48 65 2  25 48 68 67 67 9 
26 56 27 55 5  70 80 17 37 91 78 4  63 34 54 44 69
89 10 36 33 41 0  46 1  40 96 30 35 19 26 73 64 69 89
29 62 52 42 13 62 83 80 85 55 72 93 77 52 85 24 7  24 82
11 29 6  99 39 8  90 96 74 1  48 4  3  30 22 50 4  43 74 62
71 39 92 87 83 99 25 29 77 39 4  44 26 59 27 39 17 50 92 54 77
30 36 38 18 71 73 21 88 19 9  41 5  68 23 22 13 93 43 14 83 5  59
27 29 46 91 49 10 4  15 3  9  63 39 37 25 71 27 89 19 56 44 5  56 65
77 5  62 23 60 6  63 15 41 23 3  44 53 27 78 66 35 57 82 16 89 71 5  90
80 33 71 16 32 37 3  54 34 94 55 34 56 35 46 97 8  32 14 23 44 57 75 67 36
77 73 27 72 34 98 85 54 29 92 84 49 43 91 52 65 92 3  28 78 28 72 94 59 46 73
47 49 74 26 70 42 14 12 1  47 73 46 63 36 58 31 31 3  85 92 22 18 20 40 89 51 6 
34 3  71 10 36 46 91 85 70 56 9  37 75 27 74 44 76 0  54 66 56 28 78 64 14 17 46 72
10 43 33 84 89 38 74 50 85 31 93 73 72 89 31 2  56 53 17 19 29 21 85 43 36 83 93 35 45
11 47 19 65 62 43 50 92 36 53 37 59 47 66 2  89 76 41 98 54 85 67 67 26 11 9  68 37 95 95
7  29 7  14 83 29 88 5  3  31 0  8  64 57 18 24 22 52 70 40 48 2  35 86 29 12 98 96 31 82 84
66 47 1  98 87 4  89 50 7  73 45 13 28 22 0  53 42 85 46 6  82 93 17 70 47 60 40 13 46 22 64 36
76 32 4  53 17 37 91 18 18 68 58 74 64 18 59 40 0  24 56 74 14 64 60 53 74 77 51 57 86 96 25 72 4 
51 64 73 38 17 35 6  5  85 96 10 73 74 67 69 29 39 45 2  21 27 15 79 55 7  75 61 84 0  77 24 32 41 11
83 50 5  86 57 9  63 53 67 27 72 2  56 28 82 26 56 53 99 96 3  33 61 48 51 59 63 62 80 69 28 37 15 31 21
43 81 85 94 17 47 81 3  76 39 23 25 27 90 88 99 66 64 2  22 59 63 76 97 69 51 92 26 60 97 29 15 10 6  85 37
25 45 37 69 28 72 86 94 71 80 67 77 13 94 53 46 90 86 13 22 59 62 11 63 58 0  28 17 35 7  99 0  48 16 29 30 90
49 16 63 12 57 29 68 87 93 26 23 16 65 51 26 49 5  68 43 37 87 3  68 62 73 18 60 85 42 35 23 27 99 65 63 81 94 27
81 77 54 90 70 77 15 61 18 61 41 33 82 63 41 71 67 70 9  8  29 79 93 73 14 79 0  0  73 41 67 55 54 41 75 89 84 74 38
48 76 91 14 77 90 77 12 73 90 79 67 49 40 57 27 67 4  89 61 51 92 17 18 1  35 57 89 56 51 80 12 6  36 88 38 81 17 26 90
85 30 72 88 74 98 21 24 98 37 33 6  93 52 97 73 59 42 34 41 79 24 50 92 78 43 62 89 78 57 34 84 6  70 72 52 37 20 67 33 52
