37
12
78 66
72 49 87
91 91 84 59
52 89 41 66 31
2  37 91 75 83 92
71 27 47 16 55 32 65
17 62 9  95 15 71 89 73
71 99 47 47 23 45 98 3  27
69 43 96 94 34 39 29 69 88 37
14 31 43 7  85 84 2  41 57 72 44
5  89 3  35 81 26 40 83 63 4  63 52
59 9  67 72 27 1  78 87 80 24 73 84 3 
3  67 17 95 30 91 95 86 14 90 79 72 84 17
50 12 3  21 1  73 13 29 66 13 1  14 36 37 62
19 24 52 70 22 74 52 59 44 0  65 30 93 65 57 16
84 60 57 45 93 80 35 26 51 18 98 82 6  59 87 92 49
75 53 67 32 42 90 79 2  0  72 98 74 44 23 53 73 84 77
47 37 14 49 50 68 9  5  19 10 20 4  63 94 29 45 37 43 97
91 18 38 77 95 27 15 95 28 7  15 59 60 95 91 52 15 20 98 60
84 5  56 92 54 76 50 90 89 54 62 95 44 72 58 10 63 93 93 48 11
13 63 71 31 14 99 68 77 21 27 58 30 55 22 27 87 68 3  74 8  10 12
37 7  67 62 11 54 6  0  89 2  28 65 51 97 9  23 49 7  62 29 1  82 14
61 39 87 29 99 33 46 15 62 24 64 36 45 67 5  47 72 17 23 55 94 82 40 50
34 70 64 45 2  19 51 35 73 58 8  61 37 85 37 90 17 50 75 60 81 27 14 2  43
76 79 42 30 65 35 56 1  8  71 32 2  27 11 46 17 85 29 62 96 95 2  57 73 95 18
56 62 29 43 60 10 92 77 76 41 69 9  20 15 41 97 52 89 87 64 95 34 2  85 61 17 87
50 41 34 45 1  74 45 81 87 99 55 26 10 37 67 65 91 94 81 38 94 15 94 89 84 93 78 91
51 7  84 73 9  72 30 3  51 41 54 76 40 70 48 72 18 41 62 95 44 31 54 82 63 71 18 55 31
54 69 6  90 51 93 90 83 78 9  94 18 33 42 62 33 20 32 97 93 49 26 1  98 66 26 30 3  6  86
32 87 53 95 14 73 28 41 72 29 42 33 96 16 94 35 96 10 28 19 80 63 23 9  88 40 51 40 49 40 29
1  42 68 91 38 81 82 4  5  69 71 4  43 1  6  2  59 39 28 6  32 15 28 24 79 3  37 27 10 43 26 95
72 9  62 8  78 72 51 19 52 7  92 40 15 36 40 39 34 9  96 17 67 39 4  23 93 82 33 33 23 52 81 72 48
90 11 29 14 54 11 1  81 42 84 78 57 11 12 23 93 30 32 24 13 27 43 54 86 99 30 77 90 60 11 44 76 80 44
72 88 53 41 81 87 26 21 50 90 45 1  48 45 55 40 21 51 14 41 77 20 70 29 41 94 87 61 57 28 98 16 66 21 19
43 6  14 21 47 86 84 63 42 28 34 64 58 72 84 81 80 80 16 35 90 21 97 22 76 53 78 37 6  56 51 39 37 77 53 36
39 60 95 7  69 93 47 72 85 50 41 91 80 11 66 81 57 25 24 82 72 1  52 61 76 73 11 36 54 28 42 11 48 42 53 97 21
