33
60
39 85
10 97 81
20 68 99 79
59 61 6  69 86
61 44 29 76 16 73
82 96 67 0  20 45 26
10 20 42 70 66 38 8  81
84 74 63 40 1  29 15 36 28
77 55 72 3  8  86 48 64 67 83
76 5  88 76 58 83 69 65 32 34 60
45 8  63 31 22 11 66 37 27 65 71 66
62 14 36 66 33 90 91 38 33 60 75 76 55
21 46 88 42 93 95 28 17 87 70 68 80 43 83
13 97 6  6  54 4  45 85 79 56 91 14 30 37 29
41 48 17 58 50 74 98 21 45 15 60 79 65 99 45 34
34 33 1  37 85 0  40 50 80 54 33 91 5  20 31 74 68
32 19 62 48 83 27 52 93 91 24 44 66 6  14 23 0  51 57
38 66 30 39 83 10 42 50 47 22 1  95 94 67 71 62 57 52 71
92 48 6  75 51 13 45 79 78 20 39 37 52 38 92 16 0  95 57 58
51 99 34 17 18 56 46 73 74 37 27 78 42 48 22 99 39 9  30 66 42
71 67 94 92 1  72 76 12 51 10 1  59 20 59 13 36 10 15 61 68 44 25
88 82 48 74 4  48 71 95 78 38 11 34 41 80 15 3  42 10 15 75 2  61 15
75 28 70 71 9  92 50 15 20 34 25 69 57 4  72 95 51 43 53 67 47 21 43 11
2  86 74 27 77 40 92 32 42 33 17 97 89 19 74 22 4  23 90 19 52 37 75 74 69
35 95 97 27 47 18 11 95 82 97 83 79 3  71 17 49 4  77 7  30 27 82 95 44 90 89
32 67 80 82 61 92 17 59 50 13 21 21 3  68 34 22 81 65 13 0  24 55 40 67 5  2  12
1  22 13 1  25 82 14 16 17 90 49 66 61 74 70 41 45 39 82 90 4  24 48 21 24 63 4  39
97 32 4  91 93 30 43 89 53 74 92 51 1  7  44 72 35 48 86 1  34 1  50 53 66 24 77 67 25
49 78 58 24 83 37 83 5  13 0  7  75 32 58 73 23 64 49 79 41 63 80 19 94 47 49 99 58 12 41
40 80 12 30 24 22 62 18 90 81 13 81 50 7  86 0  27 6  95 62 16 37 4  20 66 69 97 83 1  1  12
63 0  24 50 89 79 8  76 53 45 72 50 52 73 14 33 1  56 56 15 27 90 22 57 69 45 51 55 33 94 25 15
64 66 19 52 92 79 98 77 22 88 63 22 90 87 4  90 24 5  5  11 60 66 69 87 86 85 45 0  90 57 84 9  90
