92
1 
12 92
56 67 78
33 17 30 11
17 77 50 27 51
84 82 4  91 21 24
71 2  7  98 75 76 86
49 96 72 76 69 99 28 8 
70 30 32 61 80 56 65 14 64
41 96 11 20 22 76 15 99 20 20
64 66 91 37 66 71 7  12 85 78 34
42 76 13 51 3  87 50 63 52 27 64 73
16 32 48 25 25 59 81 91 94 33 46 80 73
12 81 71 14 93 7  1  33 6  89 30 23 96 56
92 81 73 39 19 32 84 79 76 50 98 95 3  49 75
34 9  65 2  14 30 18 5  91 50 77 35 54 4  8  8 
28 42 47 71 23 13 67 21 10 96 55 69 17 99 23 81 5 
19 19 90 47 24 34 99 83 36 67 12 70 6  94 40 44 41 37
14 0  2  14 61 24 38 1  48 23 84 20 3  82 17 41 98 30 96
2  2  31 20 42 50 42 85 95 35 63 77 54 7  25 44 71 13 83 68
71 62 6  63 33 63 59 8  46 93 23 60 66 25 30 50 81 32 40 74 72
5  70 82 30 61 52 54 43 16 43 41 22 13 83 37 45 66 17 68 24 93 38
6  20 3  51 31 6  26 62 53 5  97 8  42 34 91 87 16 60 59 26 3  83 31
17 48 18 1  77 54 24 86 16 27 49 42 2  36 82 40 72 84 84 18 51 0  93 78
43 64 47 62 54 33 37 66 82 78 21 67 61 42 0  47 55 85 56 29 70 28 91 77 68
55 38 70 14 91 83 17 94 59 88 65 58 56 89 0  32 35 80 3  55 20 55 41 34 30 40
31 18 90 83 80 75 98 73 70 15 58 78 22 23 48 36 60 80 97 22 26 82 35 16 89 36 50
15 50 2  95 81 65 95 83 92 78 77 16 99 78 95 42 90 89 21 24 98 8  18 53 56 14 88 77
97 47 92 47 70 65 98 6  90 53 90 64 98 66 21 8  83 92 17 24 89 96 49 13 54 87 60 79 26
49 78 26 6  31 71 37 2  64 29 61 19 33 56 28 63 80 17 12 55 95 22 10 59 12 91 70 81 57 38
2  29 0  49 1  80 70 20 18 29 24 97 50 36 66 2  7  16 96 89 87 84 91 17 16 46 54 29 48 48 93
72 64 90 82 95 0  86 98 35 51 37 30 10 56 96 31 67 61 50 66 96 16 61 77 92 78 63 95 22 10 61 71
22 12 44 95 14 98 28 50 39 70 30 30 35 27 14 83 63 75 26 49 18 23 98 66 90 96 86 40 86 22 56 59 85
88 95 77 41 80 60 62 32 32 41 20 89 29 90 49 28 69 40 16 41 77 73 22 58 74 45 92 23 85 22 71 23 64 23
74 63 75 82 67 97 92 40 35 12 11 18 9  53 95 9  56 16 61 20 74 48 20 25 55 11 31 41 60 92 40 72 41 33 19
89 97 7  74 70 63 15 22 30 20 20 87 32 65 95 92 33 95 3  92 31 98 78 23 83 9  73 89 12 34 23 98 39 15 70 95
36 51 10 52 64 61 93 76 65 96 64 95 66 44 46 25 24 29 85 36 43 26 4  11 3  40 71 5  72 47 20 15 6  2  48 42 48
43 9  52 67 27 89 24 43 18 32 73 11 15 51 91 44 98 76 24 8  59 63 12 1  32 72 64 44 5  13 84 15 19 15 93 44 62 10
54 47 3  75 16 53 58 57 82 25 14 3  84 94 14 88 37 12 34 74 73 92 76 34 55 87 96 91 42 28 53 38 95 31 55 38 39 77 35
45 76 49 25 24 75 44 29 92 66 53 73 68 6  63 25 25 41 87 89 45 88 32 85 14 61 24 4  67 66 42 99 39 46 49 18 94 5  50 36
36 57 51 73 17 54 75 44 96 21 39 27 22 16 15 92 36 34 51 77 89 54 5  93 84 68 28 28 4  21 71 9  78 49 56 16 28 7  9  83 19
80 76 83 44 14 95 71 99 7  77 63 3  13 8  62 48 36 21 71 62 19 99 26 91 30 38 28 61 97 94 60 65 19 38 7  66 83 49 99 85 17 19
36 30 36 23 78 9  87 5  12 11 72 72 94 27 60 38 35 99 6  71 62 88 67 85 36 13 13 19 73 48 31 57 26 76 96 78 95 5  36 53 1  55 51
8  89 31 76 15 11 32 71 26 74 72 6  58 48 31 20 21 23 83 54 95 54 92 71 11 26 21 98 24 33 34 89 6  47 30 51 89 26 58 6  2  44 0  49
69 0  64 68 96 2  49 23 38 13 46 17 76 67 41 77 42 38 77 7  23 25 48 13 8  64 27 38 58 61 35 77 67 31 38 8  42 58 23 63 16 28 26 20 64
55 52 56 46 24 74 10 29 34 71 96 93 73 77 76 2  60 95 21 24 44 34 79 15 80 29 43 48 4  88 7  92 73 69 39 44 69 40 66 64 51 6  57 2  47 10
7  82 33 90 85 14 51 29 48 42 31 96 79 27 7  46 92 84 71 61 38 48 14 58 4  29 34 46 64 76 25 39 63 21 70 35 16 84 73 48 9  95 86 56 96 94 2 
91 27 17 67 81 51 42 30 71 27 78 34 10 53 9  84 30 61 45 5  18 43 71 15 5  45 30 91 15 30 65 75 41 37 35 29 90 94 13 48 37 30 48 57 20 11 71 52
86 17 75 36 42 3  96 8  90 71 89 79 81 68 6  53 95 15 72 48 46 85 42 29 76 86 46 68 92 96 43 98 3  52 90 0  84 93 25 13 31 84 47 14 64 27 90 83 66
34 5  44 37 85 71 47 67 68 12 85 11 8  58 19 56 15 48 68 4  44 31 67 45 71 17 12 82 0  35 32 74 70 20 6  43 40 11 88 13 31 71 31 68 68 62 3  61 6  32
77 65 56 54 33 88 80 12 74 23 0  20 10 18 35 3  99 83 57 74 94 43 41 25 60 23 78 1  76 70 61 35 62 59 7  59 34 25 43 0  6  24 0  6  60 42 82 60 65 36 81
58 74 47 79 64 79 67 6  20 50 99 77 55 43 6  5  3  3  80 7  33 79 14 3  17 66 49 52 17 75 36 69 21 95 89 68 20 46 1  33 92 40 51 87 40 25 89 45 28 9  49 13
91 48 77 86 18 31 84 68 38 13 3  35 74 7  7  86 54 87 88 99 86 58 15 86 80 82 17 83 96 68 96 98 14 73 71 59 26 57 40 0  40 96 30 69 99 71 5  45 83 45 66 82 56
1  3  82 14 54 63 57 5  75 46 60 93 3  59 44 63 89 78 93 11 20 41 90 40 8  17 89 98 90 49 1  89 47 37 50 3  48 54 1  48 97 18 62 40 52 67 2  23 3  58 35 57 6  15
16 1  96 96 21 54 99 19 35 41 14 4  83 47 57 75 82 83 57 64 0  20 61 80 17 52 69 19 0  5  76 11 7  69 18 52 94 28 11 93 58 73 1  69 28 34 43 50 91 18 40 47 86 85 60
87 30 77 61 12 9  90 45 93 67 76 91 27 68 60 12 21 3  47 30 43 87 11 8  93 69 93 33 12 79 21 1  50 18 11 8  43 88 85 32 44 46 10 97 73 95 51 49 98 39 67 11 62 67 88 80
22 4  85 32 81 65 72 11 94 17 21 85 78 55 37 97 54 61 25 33 14 47 4  53 77 95 63 79 81 6  3  35 97 98 33 89 50 50 83 77 55 88 15 6  96 13 7  10 34 21 37 10 95 64 22 86 81
61 44 63 80 68 73 2  0  26 52 63 56 44 94 64 55 53 79 48 85 47 13 36 57 21 3  10 66 29 98 54 44 85 6  89 10 98 3  56 46 0  78 37 71 15 93 13 7  64 20 67 58 55 16 94 12 66 8 
81 25 94 68 19 23 32 71 73 32 31 46 18 60 56 20 44 12 64 30 46 91 49 48 12 8  26 9  37 29 61 78 76 98 97 23 40 59 39 98 85 45 61 1  2  55 22 18 53 61 38 23 65 66 56 31 87 77 95
52 38 94 71 9  88 17 71 29 20 92 24 91 14 60 43 10 88 62 17 37 83 72 49 30 78 95 7  67 21 91 52 45 98 87 41 61 38 79 26 32 60 96 86 89 35 81 43 10 20 53 47 78 28 50 51 4  81 17 40
35 2  65 88 49 36 49 83 41 57 49 77 47 29 2  71 2  61 40 56 41 54 48 1  44 41 54 79 22 23 13 42 66 75 3  27 6  11 19 66 50 84 76 23 71 78 66 77 4  62 32 72 32 21 80 98 21 25 56 4  92
92 23 93 6  8  0  10 55 0  59 12 15 63 56 33 56 79 39 5  21 53 7  53 61 10 42 67 24 6  38 98 75 92 93 31 52 9  46 90 69 26 91 9  82 60 82 79 39 89 58 12 58 3  97 54 57 78 88 62 74 18 73
61 31 21 39 79 14 9  59 25 79 73 39 89 90 3  95 64 48 81 92 98 24 75 79 82 57 97 82 22 34 57 2  70 4  20 51 55 73 48 70 83 41 90 65 89 14 60 44 5  59 30 99 3  29 73 12 2  74 63 40 42 27 35
36 27 31 96 66 77 11 84 86 11 86 47 31 18 64 54 47 71 72 71 28 73 69 90 66 93 20 73 82 93 97 91 90 59 86 73 57 30 71 75 92 22 88 51 2  25 74 56 42 58 49 36 82 18 45 12 62 84 70 40 28 0  10 70
37 69 91 66 44 66 5  46 11 65 25 20 94 44 99 78 11 25 3  29 69 15 6  44 39 57 4  96 84 56 33 41 38 97 54 37 77 73 53 58 51 97 11 33 88 97 4  22 51 65 17 53 96 28 92 67 9  0  53 49 5  36 56 53 14
76 97 77 68 69 94 74 26 2  40 54 18 25 98 38 27 66 32 59 13 79 71 91 81 1  63 85 61 67 26 96 57 67 87 2  88 5  38 66 4  40 9  84 41 89 69 56 38 58 23 57 24 22 68 57 55 8  60 23 52 17 27 62 93 36 14
93 83 30 86 79 14 6  62 72 18 78 33 34 62 75 23 77 36 39 66 53 73 20 58 54 64 75 85 75 63 71 23 40 24 66 40 92 71 41 42 74 17 31 44 30 70 24 83 57 21 74 17 58 53 1  18 11 23 48 0  55 56 50 73 97 74 86
86 36 18 70 71 1  65 29 39 38 83 2  12 44 68 43 4  79 32 41 81 70 25 7  85 2  84 93 57 93 78 10 81 48 83 99 54 27 45 46 21 33 10 81 10 26 50 88 51 57 5  94 31 7  18 71 78 2  56 0  48 50 70 8  52 7  37 24
16 47 56 6  10 16 46 73 3  4  30 21 86 17 64 53 83 44 51 24 0  55 34 7  14 88 61 31 94 88 14 42 2  8  67 4  93 3  88 52 24 14 51 66 31 91 63 5  18 55 59 40 5  44 10 45 28 44 24 42 26 81 71 57 44 40 16 78 28
77 95 62 4  95 56 40 22 80 81 46 7  53 16 68 95 27 65 74 50 23 33 91 20 6  36 22 33 82 6  40 93 82 33 74 36 15 38 64 51 98 55 18 68 30 69 71 80 41 16 87 35 29 39 17 35 7  88 41 58 4  15 2  49 69 27 88 5  67 56
42 61 48 33 43 18 55 92 86 36 93 29 70 96 74 86 73 58 0  10 79 4  6  31 70 89 90 21 50 63 1  96 59 16 85 94 29 49 93 21 68 60 17 10 6  83 92 27 48 64 11 43 15 58 59 3  41 14 26 64 50 41 88 13 63 99 69 4  26 51 73
14 3  36 10 28 17 58 24 58 34 37 65 86 0  1  17 45 75 18 94 42 18 12 3  31 78 8  32 41 65 40 12 53 89 59 94 23 7  14 29 56 59 13 61 25 22 32 20 42 86 48 48 4  24 72 10 53 43 32 43 40 39 83 72 18 17 71 15 51 75 78 0 
66 3  79 90 30 39 82 60 71 53 56 81 44 47 41 84 13 42 99 97 10 31 53 22 42 58 92 63 82 23 64 44 39 68 77 6  73 30 89 27 13 40 35 81 53 79 71 12 17 32 45 44 26 58 33 39 94 51 51 3  47 70 72 75 67 88 66 16 95 67 88 65 35
30 57 35 74 68 91 72 88 18 72 90 79 12 18 90 12 79 5  43 56 50 78 92 78 61 34 30 55 70 0  83 27 75 63 1  86 9  46 32 33 43 57 22 22 89 96 13 68 84 62 74 53 19 74 7  71 33 98 89 41 58 9  31 64 26 35 97 47 75 92 43 2  11 44
65 65 42 69 80 71 58 53 98 64 55 91 41 1  86 73 97 9  35 34 61 61 59 87 54 23 30 54 59 34 80 36 47 44 16 68 28 91 22 95 29 27 4  14 47 31 96 30 17 65 24 20 57 85 2  73 24 5  2  2  23 83 16 7  90 85 54 41 82 43 45 24 37 65 8 
33 18 10 85 76 96 49 8  14 48 56 77 95 12 81 2  71 54 65 92 27 37 46 59 68 66 69 65 26 21 96 31 28 19 10 3  54 97 76 41 71 76 6  13 53 56 30 81 7  29 96 38 43 19 68 53 39 12 75 43 22 14 64 36 34 15 43 54 81 80 62 23 66 95 98 96
83 24 31 57 76 87 62 67 88 56 37 25 39 5  38 81 55 60 39 81 29 35 46 38 82 75 73 35 88 96 26 46 11 44 33 93 12 25 76 20 27 99 24 95 96 38 22 53 53 50 51 40 87 73 60 83 66 96 68 15 4  1  53 37 1  45 70 32 70 47 6  93 16 74 23 93 5 
89 87 44 87 18 24 2  93 84 42 89 78 51 69 48 92 27 33 96 55 87 83 34 87 1  33 51 97 55 62 81 84 84 25 78 60 90 42 83 12 0  84 64 21 85 23 14 21 36 85 87 54 28 99 23 98 45 63 21 24 47 9  47 1  55 52 95 26 73 88 72 0  94 82 67 69 80 95
69 16 84 14 94 76 72 81 61 75 56 50 61 50 61 24 50 34 43 79 98 50 59 71 57 75 15 57 33 71 98 3  2  83 86 34 95 24 47 35 91 11 38 58 33 61 96 38 63 72 44 11 7  45 4  90 16 58 37 66 58 33 18 61 39 76 83 1  44 75 17 31 66 71 45 62 39 32 13
40 53 94 18 98 18 10 32 69 54 32 65 62 48 91 21 7  33 73 94 74 82 70 74 82 14 26 45 28 1  33 41 47 89 92 87 17 12 3  21 75 75 39 20 94 57 41 18 68 33 19 78 68 83 53 4  81 82 49 33 32 48 51 16 52 24 2  58 68 49 28 64 23 68 40 57 65 73 96 26
32 25 54 68 17 94 76 75 26 40 81 46 44 92 10 46 16 3  14 3  46 5  85 47 80 62 63 38 89 15 37 14 77 67 70 84 27 7  89 82 92 21 49 81 42 59 64 88 37 4  67 20 20 41 74 51 79 61 47 70 84 80 48 51 44 33 6  43 18 98 1  21 29 26 41 23 50 7  85 76 41
76 29 48 33 28 80 94 46 52 29 21 42 3  33 71 9  24 60 18 27 51 7  75 39 56 69 1  48 32 1  36 56 88 13 33 52 52 25 42 76 59 16 87 43 8  47 55 19 81 39 46 95 45 92 13 10 86 66 74 97 55 91 15 91 16 67 22 61 91 72 50 28 22 0  84 74 9  59 20 89 79 38
78 67 66 18 64 51 91 42 25 73 34 44 90 88 13 69 22 47 62 54 44 86 44 94 59 66 19 42 7  52 2  62 53 74 1  51 77 82 10 68 33 53 52 40 41 22 22 63 95 86 51 58 92 55 87 61 58 94 72 4  48 6  50 66 89 44 79 21 0  30 23 85 60 80 47 12 43 34 84 84 98 49 84
31 78 70 2  33 69 88 74 9  21 93 35 86 54 38 50 61 73 30 63 68 54 77 68 84 28 94 78 2  93 40 16 47 44 9  33 6  79 81 18 62 93 25 81 63 74 62 15 57 23 32 68 89 47 26 46 13 1  23 62 41 10 51 24 69 8  32 48 77 80 53 96 87 93 84 45 44 94 19 9  34 17 61 75
0  84 80 79 53 15 25 74 87 22 89 14 92 89 24 44 71 45 19 96 4  27 26 91 34 28 73 67 10 38 93 45 50 31 3  79 70 88 48 4  21 35 40 40 75 59 99 27 49 53 81 70 8  86 96 84 66 77 72 9  63 92 37 49 12 97 27 77 38 64 0  39 26 89 14 47 12 19 86 47 53 75 0  3  38
67 65 22 78 88 6  38 47 76 91 82 92 67 25 50 86 12 9  87 34 37 16 92 73 30 63 8  48 89 39 98 52 91 64 99 16 63 55 6  52 51 66 61 43 55 39 25 17 64 72 2  17 56 97 55 86 66 4  40 16 94 84 15 17 77 75 18 74 72 14 40 61 16 55 91 64 40 17 3  43 69 48 83 96 3  58
64 34 30 26 29 16 20 4  11 94 44 1  76 93 38 89 73 48 73 90 51 22 90 63 35 85 25 28 63 60 85 35 91 48 58 92 69 11 61 83 7  78 36 81 24 18 84 67 64 72 87 44 60 39 6  22 71 53 74 40 13 0  60 12 87 82 56 87 9  45 44 64 94 59 86 70 16 83 30 16 74 9  41 58 68 70 9 
12 3  42 41 82 76 19 75 51 13 96 18 70 94 40 17 69 5  76 53 3  55 23 7  62 64 85 4  37 40 91 7  51 98 11 84 45 75 39 68 39 31 69 61 8  80 28 42 87 89 84 40 53 20 42 8  33 45 41 66 49 66 37 20 81 52 65 61 51 83 30 76 60 69 17 92 41 58 48 77 93 42 4  83 35 23 47 64
55 28 67 8  28 0  0  12 20 81 92 23 98 89 12 27 67 78 99 57 71 82 76 52 15 22 26 30 81 75 48 14 79 45 53 17 69 91 26 60 99 21 34 45 28 79 35 81 24 27 84 21 32 24 42 92 36 41 42 55 27 61 41 53 87 40 65 84 63 35 48 37 13 32 82 43 78 16 84 8  51 71 69 76 86 21 70 42 66
79 19 58 81 86 39 6  15 73 68 77 78 86 35 43 4  14 72 74 12 36 87 24 64 75 53 39 32 50 59 98 26 15 21 9  33 80 83 69 9  43 20 62 84 83 61 5  61 99 70 23 96 88 88 26 61 94 88 76 33 0  31 89 31 37 50 24 58 64 16 91 95 52 86 25 39 7  2  61 37 7  91 80 21 75 75 8  96 68 31
88 81 36 11 45 47 65 48 6  54 25 61 7  15 56 25 96 44 32 78 82 10 66 79 79 58 16 35 17 30 19 63 43 82 87 73 5  35 12 60 95 52 89 1  37 33 63 67 36 61 52 52 78 58 40 43 97 69 30 12 5  81 82 76 65 76 70 40 7  72 34 15 59 53 1  16 56 50 21 22 16 35 91 41 1  19 27 85 74 34 19
7  85 99 25 27 68 22 26 95 10 20 52 13 64 78 69 64 48 97 69 76 26 38 79 44 95 59 74 54 85 20 65 11 88 86 95 33 44 10 42 21 16 6  40 14 62 66 99 42 73 82 80 89 67 21 68 5  47 64 48 69 37 32 51 89 74 52 26 88 21 23 43 76 69 37 1  2  50 41 76 63 90 7  13 18 48 62 98 9  42 78 74
