99
8 
27 77
0  76 96
1  38 0  49
70 80 52 46 93
51 56 74 44 44 95
52 97 25 79 48 69 86
66 61 78 17 42 22 38 0 
99 69 32 7  33 83 62 47 67
13 30 20 25 55 68 99 12 80 50
23 71 91 68 59 2  41 45 85 93 41
4  18 64 23 67 9  31 55 79 8  50 26
80 66 55 72 29 51 1  55 15 67 63 35 93
62 73 10 81 32 90 8  12 2  53 49 46 86 94
66 30 9  55 65 39 66 19 0  89 45 85 54 93 44
78 70 32 65 69 4  70 3  42 26 17 89 86 39 31 54
1  74 87 28 23 51 21 8  70 88 44 57 63 78 70 2  78
91 99 85 0  99 29 85 60 60 14 7  70 73 48 38 77 53 56
44 48 28 60 37 3  88 84 96 29 23 75 67 37 0  97 72 84 67
87 98 59 85 8  88 23 73 11 33 4  5  94 51 50 23 77 78 88 1 
68 11 90 84 94 35 14 67 1  86 71 66 37 30 38 61 89 47 73 95 15
26 47 27 84 30 52 45 80 4  77 40 28 50 19 59 43 83 59 72 58 90 75
19 22 86 11 26 82 63 7  72 48 24 49 77 18 29 19 37 37 18 35 0  70 39
4  47 0  58 83 75 93 57 96 96 58 33 24 46 27 47 76 49 48 42 25 98 94 9 
5  2  39 68 56 24 22 77 46 40 74 28 30 28 30 50 53 3  57 43 18 71 25 76 6 
65 4  37 29 62 58 80 94 81 62 78 36 53 64 45 71 83 59 21 39 24 28 79 10 44 20
21 49 16 89 86 24 42 31 74 66 25 71 18 64 33 69 81 75 28 31 75 5  64 82 30 62 93
5  81 34 57 94 62 80 74 28 42 42 83 52 21 9  80 40 0  46 66 89 72 20 78 54 88 87 6 
10 87 33 96 29 9  58 36 31 24 4  39 38 42 4  74 27 43 86 20 37 62 98 17 59 52 67 87 70
99 1  5  10 8  26 73 60 91 16 73 43 78 32 70 66 54 7  38 84 39 97 93 51 67 10 13 46 43 59
73 23 5  30 15 94 80 71 1  65 90 96 49 2  58 88 20 18 98 10 91 59 5  2  32 85 81 2  79 3  29
33 74 20 65 41 6  69 6  55 74 25 84 30 70 70 58 7  76 57 55 99 78 90 82 59 45 34 21 62 63 91 14
36 23 71 64 41 11 94 45 1  4  64 35 17 27 77 64 43 69 22 3  1  76 1  94 33 50 19 40 66 31 9  54 68
38 17 83 4  53 74 21 16 77 31 97 87 68 9  57 54 4  3  71 51 12 27 99 58 65 76 95 47 54 54 73 99 50 51
34 34 95 80 24 48 51 43 10 20 22 74 48 49 59 63 73 74 61 23 12 31 2  22 39 75 33 66 30 20 97 59 5  92 65
57 29 64 27 79 92 32 26 2  84 41 84 29 99 23 14 9  54 5  52 21 50 58 63 59 54 97 1  54 64 6  32 97 38 5  80
70 18 99 90 8  62 73 12 75 72 69 15 47 44 64 25 44 67 90 17 90 8  72 19 76 30 97 33 7  79 84 2  30 35 1  77 25
86 25 6  33 99 29 66 13 43 11 89 61 5  61 94 36 14 21 49 11 81 84 20 28 96 8  14 77 8  13 46 81 10 43 89 21 17 81
69 6  86 54 70 94 42 12 75 3  34 12 96 52 86 30 45 11 32 45 75 37 6  84 87 34 38 28 83 14 48 95 4  44 61 52 97 80 65
21 55 12 2  89 55 37 48 52 10 44 41 98 96 59 79 15 34 60 93 7  18 8  79 85 98 66 33 65 80 58 5  3  64 46 20 28 80 87 65
95 52 92 67 69 95 62 19 4  82 17 77 89 74 3  15 48 76 93 85 66 66 89 65 70 35 10 74 3  18 33 15 51 65 23 83 1  45 77 53 6 
41 16 85 15 28 77 37 22 41 18 94 63 38 55 91 96 75 81 92 71 37 41 12 3  87 67 4  37 63 8  49 89 91 38 51 56 85 70 26 40 71 93
37 4  36 86 14 89 90 62 26 41 27 49 14 12 87 34 92 82 39 54 16 66 96 19 38 88 52 64 62 12 25 80 55 44 2  24 40 99 58 10 51 10 63
94 41 14 44 93 9  34 94 55 70 60 71 79 86 72 46 79 84 65 70 71 88 58 89 52 37 10 49 88 10 94 29 28 58 75 66 30 20 41 76 89 21 15 81
67 41 80 23 30 30 31 28 49 80 96 3  24 80 1  41 63 32 44 15 36 82 74 63 18 80 76 49 35 64 49 64 12 56 74 88 99 10 75 94 55 63 92 47 0 
53 55 27 57 91 56 69 27 73 97 90 25 60 87 32 24 3  2  52 22 73 82 59 80 61 28 76 71 99 70 40 16 98 31 58 27 37 32 15 3  99 0  2  69 35 85
13 49 26 89 57 70 87 61 61 6  87 36 87 55 2  57 85 5  27 44 86 82 91 35 30 53 1  18 71 23 20 8  83 22 26 10 2  33 50 33 35 33 36 91 62 20 5 
3  62 29 40 19 30 8  80 93 55 73 16 77 14 35 92 97 13 65 54 33 34 38 14 54 42 9  55 55 32 60 82 24 3  10 4  72 31 20 82 5  19 97 0  71 31 43 67
31 46 37 8  76 45 42 56 86 32 99 83 46 55 7  67 72 83 53 47 79 72 13 1  57 56 94 74 43 38 83 37 12 6  34 71 59 53 87 25 26 75 30 94 70 29 29 61 70
26 66 3  13 69 77 57 33 36 39 99 80 63 80 49 39 1  38 84 24 30 51 98 37 22 87 18 0  85 49 58 78 49 58 1  10 12 93 8  32 44 16 45 57 89 23 32 51 14 48
34 24 96 43 67 0  20 82 51 32 39 33 99 24 19 79 93 22 95 76 58 70 5  57 4  40 86 72 73 62 30 46 84 41 47 13 40 79 71 98 64 83 75 25 84 96 76 57 64 4  10
71 96 71 56 90 85 15 98 77 1  74 84 10 37 97 80 75 85 38 70 74 59 51 12 97 15 40 61 7  88 0  5  85 73 65 41 61 75 26 69 94 15 25 95 7  94 3  49 40 73 87 66
69 62 14 70 50 7  0  68 3  75 23 35 19 66 2  38 48 77 31 31 61 89 21 36 23 27 30 59 88 63 27 28 1  9  68 11 19 60 8  21 28 73 19 75 43 77 28 11 60 19 3  1  37
12 52 98 95 64 92 48 97 93 25 10 38 77 42 46 66 90 53 29 48 40 39 33 68 74 72 89 46 15 23 68 81 65 31 64 91 66 54 3  0  50 26 48 3  86 36 6  84 81 89 6  16 81 57
28 56 78 73 29 23 54 17 69 5  4  12 90 31 72 94 59 27 12 13 58 5  82 21 30 48 11 67 50 28 18 68 60 13 74 48 88 24 44 23 74 65 76 30 25 49 50 45 76 99 63 60 22 98 2 
96 82 3  60 55 19 85 91 81 72 55 17 57 34 34 98 9  26 66 4  1  41 73 8  86 84 32 66 47 0  17 81 28 58 10 3  76 77 19 75 75 67 23 94 29 91 56 32 95 43 40 60 31 0  45 21
42 59 16 16 24 58 95 23 35 12 2  63 40 18 35 88 26 75 21 56 47 70 38 27 7  86 89 59 97 27 10 54 18 44 24 68 87 61 83 4  27 2  20 67 73 29 47 8  92 57 97 49 25 15 2  38 2 
27 6  39 96 3  20 84 48 35 92 80 85 65 64 98 88 54 66 38 13 96 11 12 99 9  72 89 35 87 80 58 19 50 40 42 89 54 98 77 21 2  18 82 45 6  61 93 59 58 67 55 42 2  6  84 49 77 52
42 88 59 12 83 98 93 73 39 90 25 57 90 65 30 44 76 49 24 85 12 78 51 72 89 22 78 64 60 78 96 58 1  47 34 83 72 68 28 24 73 25 92 93 66 95 7  32 35 88 34 93 20 39 93 88 39 88 59
87 67 15 97 77 90 23 0  85 15 32 99 52 55 59 26 72 69 58 54 16 41 38 90 63 39 87 62 11 65 75 25 67 64 33 56 10 12 88 12 88 81 93 45 27 60 69 94 80 60 24 43 45 47 52 75 27 52 87 44
54 44 63 18 12 4  26 4  20 22 64 11 25 0  48 47 11 68 81 47 54 30 44 1  53 22 32 78 2  71 58 23 47 72 52 32 41 36 29 13 75 5  1  4  10 66 18 43 77 74 38 16 40 81 54 95 50 85 20 90 11
35 32 63 31 32 38 20 71 97 56 28 66 69 81 45 88 47 25 50 75 15 20 62 6  41 5  28 85 6  45 83 34 0  81 12 76 65 97 43 55 36 80 60 28 22 37 10 93 57 67 41 21 58 17 48 49 24 10 26 3  86 74
67 21 36 74 90 41 38 2  66 6  36 25 98 3  98 93 82 48 73 14 56 83 11 7  17 79 46 15 74 32 65 92 95 93 77 7  37 81 11 4  32 3  61 94 80 49 9  43 10 29 44 96 31 19 15 28 58 32 45 55 46 75 52
79 6  45 23 46 56 43 58 71 84 4  46 0  62 65 88 17 56 51 86 24 98 97 33 83 36 87 56 8  46 84 88 66 38 72 61 80 92 24 75 67 32 17 47 10 40 80 52 66 0  15 10 79 24 53 6  1  63 73 64 6  81 32 59
24 1  99 92 48 27 28 94 37 47 22 17 27 25 61 21 19 59 35 10 62 38 18 24 45 48 51 64 88 91 77 82 51 63 83 56 52 41 18 4  81 33 78 16 18 32 43 7  18 80 11 75 90 28 31 67 20 27 45 47 97 94 61 90 91
83 57 10 67 12 63 72 72 85 37 49 6  28 96 59 36 82 13 15 26 73 50 19 44 28 19 44 67 9  55 15 98 21 60 49 58 16 6  75 27 86 82 62 87 64 48 42 34 26 86 27 34 27 52 60 4  19 84 34 18 39 76 66 75 10 12
51 52 25 29 51 63 85 94 27 78 94 54 86 77 66 92 31 98 58 92 76 3  3  65 48 76 7  63 20 51 75 41 88 34 30 37 65 19 4  73 36 78 49 23 60 51 3  25 94 57 69 10 85 86 18 25 15 40 48 82 43 40 19 57 78 68 93
18 39 90 61 83 18 36 8  39 49 3  49 74 3  36 70 74 38 98 12 76 16 41 71 5  94 77 19 57 39 10 10 81 73 28 31 63 1  79 49 95 55 32 66 80 17 22 30 82 21 4  33 32 4  73 81 40 33 89 3  7  85 85 91 63 17 53 2 
3  18 63 74 31 56 18 17 49 49 3  26 48 14 36 63 26 55 78 72 55 37 52 54 82 20 98 97 18 3  22 99 2  47 63 84 15 99 82 13 92 18 56 62 96 4  18 57 47 20 95 62 50 76 72 23 51 99 52 51 22 59 0  9  67 62 86 59 96
22 53 73 23 12 29 87 75 64 76 76 44 98 84 50 28 90 41 50 20 63 45 12 89 99 48 39 72 95 42 88 45 62 35 61 98 56 51 1  23 27 15 73 0  72 80 42 40 7  51 52 40 85 66 47 78 93 95 8  83 16 68 72 75 61 64 89 19 70 21
64 42 8  91 37 29 39 60 7  4  66 52 73 9  29 18 5  90 4  2  8  74 98 4  11 21 12 14 3  45 34 2  37 47 6  98 3  56 69 81 66 43 2  80 2  62 33 0  97 43 14 15 91 48 5  45 29 78 27 3  28 47 33 1  79 97 42 1  13 28 91
81 48 25 85 60 94 48 10 57 24 70 48 94 64 41 17 17 85 89 22 51 47 57 66 57 3  67 10 80 98 3  25 98 79 92 37 61 52 44 29 27 86 59 11 55 14 97 21 10 39 57 54 56 56 12 85 44 22 93 86 65 98 21 3  95 57 8  13 25 41 26 7 
52 81 78 65 57 28 32 44 45 71 61 96 5  42 65 6  73 88 85 91 44 82 11 0  68 82 19 94 73 95 66 97 58 76 9  10 37 85 48 22 75 95 60 12 5  14 74 68 88 77 43 51 73 1  37 95 83 90 26 4  30 72 27 78 75 1  92 27 76 97 17 43 85
22 9  91 26 68 34 45 14 6  18 80 0  92 90 5  77 66 42 57 35 22 71 85 90 20 32 9  99 71 44 44 27 86 58 9  19 19 69 60 80 45 54 97 6  8  6  60 34 56 56 36 65 25 12 59 24 55 96 80 95 5  5  34 19 36 27 52 73 27 42 3  10 23 25
63 94 19 6  63 33 29 34 33 98 59 81 91 11 15 47 93 66 61 21 28 76 27 79 17 72 27 3  13 25 55 36 87 74 37 28 6  42 23 10 73 41 11 45 15 91 84 18 86 83 23 0  42 65 34 66 32 19 71 97 64 9  33 52 12 42 29 75 43 23 37 3  45 0  97
93 96 51 11 36 82 80 94 64 91 11 96 43 89 36 5  42 89 87 66 6  51 37 9  20 23 5  40 90 50 99 3  94 49 63 50 47 32 98 72 3  39 74 52 81 34 92 49 4  61 77 40 40 38 92 58 87 9  43 61 37 48 90 30 50 86 77 3  74 62 49 88 80 70 73 41
40 47 75 41 48 64 96 10 87 16 39 40 24 87 81 7  72 73 25 43 6  13 83 83 73 36 6  61 24 56 65 13 76 28 20 38 43 92 36 81 63 65 94 80 22 60 67 35 83 96 72 23 8  81 33 74 64 80 89 84 53 80 94 91 27 17 72 0  85 63 4  81 29 2  78 86 38
93 10 94 68 80 99 23 43 23 15 7  1  17 20 75 17 44 8  1  92 93 48 68 41 21 18 68 89 81 9  51 49 41 18 73 94 85 46 67 81 61 27 62 3  13 16 94 38 31 95 88 74 5  59 38 65 12 70 2  75 83 37 69 79 54 37 9  99 77 61 50 32 21 85 57 65 85 76
61 82 31 50 53 2  85 22 80 54 9  38 92 77 1  54 62 75 14 82 94 44 48 50 1  72 62 76 17 66 6  34 76 13 81 28 11 97 18 44 86 2  47 63 93 78 71 30 6  42 47 9  57 29 59 94 67 2  8  56 78 47 1  88 1  39 10 46 28 92 42 2  44 4  0  60 45 68 21
50 84 53 58 77 49 42 49 45 13 25 6  98 89 12 14 73 2  26 92 70 66 8  37 23 83 21 40 69 65 36 80 58 14 92 97 18 7  50 53 69 45 64 38 28 42 59 54 94 11 62 10 94 41 59 7  94 66 88 46 42 84 69 24 49 5  71 22 30 36 40 15 71 59 93 10 9  29 9  75
85 52 16 27 59 17 91 86 96 4  61 24 80 65 45 34 68 79 75 45 49 50 84 17 36 98 72 57 83 75 83 11 9  50 73 10 46 74 31 64 93 49 38 85 95 92 46 92 13 8  30 43 99 71 0  12 1  13 49 94 43 46 42 45 40 30 68 80 58 51 14 46 76 62 58 97 79 46 13 49 3 
69 71 7  89 33 11 80 80 64 94 30 10 7  91 49 27 22 77 3  53 55 56 68 30 55 52 46 20 46 66 14 10 64 25 67 18 53 45 1  48 15 75 80 96 41 61 46 73 63 61 83 28 14 32 74 84 40 82 88 98 52 69 60 55 59 39 2  3  34 48 99 98 60 74 35 33 90 8  84 50 69 80
54 33 32 34 47 49 99 42 31 28 43 9  96 60 10 58 83 4  28 19 72 67 79 37 96 49 36 43 10 42 88 63 47 11 64 43 96 67 87 30 13 57 48 47 11 20 5  68 6  27 56 70 19 45 68 60 24 59 43 39 89 76 91 67 66 63 60 42 10 90 55 96 46 1  28 23 83 6  94 60 65 3  71
86 32 71 35 12 63 58 27 29 35 63 77 36 1  43 53 23 59 10 83 0  33 94 4  12 91 78 10 93 10 42 95 10 93 85 82 54 25 50 30 82 57 4  29 97 0  54 19 16 65 14 58 12 57 13 3  3  76 83 73 4  46 54 23 77 13 44 40 58 61 75 40 5  43 89 29 51 97 51 58 28 64 51 30
20 20 87 4  12 57 79 67 63 70 42 83 13 95 52 56 71 76 95 52 57 50 3  43 55 52 37 40 39 58 74 83 43 71 90 8  99 19 51 4  51 34 34 46 74 64 87 41 23 52 80 22 42 71 38 16 82 94 66 42 30 77 16 92 61 51 93 73 23 44 16 95 69 67 74 30 51 79 98 27 3  4  5  29 13
87 98 36 37 2  79 73 70 16 18 46 54 65 96 78 76 81 13 59 60 14 85 95 75 25 49 45 38 70 94 62 47 76 63 59 29 43 78 88 74 72 62 6  92 27 90 84 88 97 43 97 10 59 48 48 3  69 47 99 75 66 99 10 96 22 65 62 24 20 60 20 36 61 85 4  30 87 51 41 20 48 44 62 82 94 75
97 62 29 70 58 50 92 71 84 84 55 89 82 89 61 14 89 53 73 13 64 79 34 86 2  66 67 26 79 60 81 15 2  83 64 66 49 48 96 20 71 24 9  17 44 34 25 19 55 16 84 4  51 6  52 79 92 64 87 81 53 76 7  9  55 19 15 17 8  7  99 1  18 40 43 14 55 30 41 81 54 98 49 36 48 22 53
6  80 50 84 79 2  59 65 6  21 81 8  56 76 19 13 80 33 5  46 59 81 66 67 26 84 78 94 31 11 92 64 50 87 11 20 34 67 11 37 77 31 15 2  42 81 17 84 13 45 25 78 49 62 16 69 85 83 50 71 17 2  14 83 64 41 91 20 60 39 46 35 44 85 2  22 80 46 99 81 85 90 81 92 59 95 74 48
80 70 59 10 46 94 53 24 71 31 65 81 24 16 60 97 23 25 4  0  95 34 64 84 82 77 51 39 21 37 98 65 94 10 6  7  84 11 78 41 43 0  71 97 70 3  29 32 56 89 8  18 48 15 27 14 49 60 65 4  51 52 62 63 77 89 61 67 10 34 37 89 73 5  79 23 38 39 38 87 71 64 11 1  74 27 88 54 45
54 8  24 38 30 59 26 67 31 63 90 62 21 0  56 66 9  0  81 31 77 43 53 1  17 87 12 54 47 63 15 46 88 62 84 77 58 17 67 42 38 39 11 54 30 80 25 23 9  5  2  32 10 7  41 42 12 6  86 94 48 29 33 40 6  25 81 43 55 30 5  96 55 86 61 51 23 7  6  7  30 25 96 44 65 23 66 0  48 63
51 91 5  12 25 93 79 68 54 73 46 77 65 43 64 40 11 33 56 31 52 18 34 60 61 34 20 40 89 99 10 67 11 39 12 46 92 96 68 73 47 57 16 95 81 60 38 79 78 3  38 3  70 37 6  50 8  25 50 49 40 78 87 15 50 14 95 89 87 35 17 97 43 63 7  5  49 81 46 43 53 20 45 91 76 60 78 20 16 99 92
7  42 18 25 22 91 86 64 45 41 74 88 75 2  75 58 49 22 11 62 59 28 50 25 63 70 72 64 45 22 18 40 13 10 9  19 26 65 49 95 49 2  41 94 57 2  57 3  15 94 55 74 46 63 27 41 23 65 81 47 4  1  43 72 16 67 83 42 39 15 28 19 2  32 64 88 50 60 53 62 87 77 30 49 38 71 49 65 25 95 71 88
47 4  69 76 88 44 6  18 70 57 21 48 27 94 51 37 71 44 30 16 86 33 82 68 79 23 6  43 32 44 27 19 95 2  14 16 69 35 74 32 85 83 73 59 18 76 30 64 74 81 35 89 12 72 17 19 53 85 62 49 87 45 24 25 74 89 94 15 0  59 11 94 76 20 37 3  36 18 44 86 97 17 74 51 66 32 21 8  50 48 87 56 80
77 79 8  92 73 23 35 68 36 89 78 24 51 47 36 43 55 66 53 94 73 50 4  68 22 32 22 50 82 7  30 56 9  41 84 97 9  55 33 82 57 47 64 12 55 15 79 85 62 94 1  43 33 39 72 45 67 55 28 86 16 13 41 87 88 4  93 34 0  68 36 50 35 24 95 19 89 45 29 28 40 36 37 80 38 54 15 54 45 89 68 42 76 14
79 66 28 73 76 16 42 85 14 8  0  93 12 40 9  18 60 35 48 27 30 82 42 3  28 64 22 33 7  25 77 39 47 36 75 75 99 80 91 72 69 0  40 99 60 8  52 40 93 29 55 97 61 64 28 50 98 85 29 12 83 62 54 94 26 56 27 86 43 12 36 80 99 81 94 88 15 26 92 17 34 96 49 33 65 94 67 51 58 26 83 39 66 69 61
47 6  19 63 90 88 59 31 49 68 4  93 0  37 57 12 39 11 54 62 71 95 99 54 35 93 58 84 43 62 94 1  66 57 70 36 97 84 15 44 1  91 61 2  26 24 2  7  74 9  0  67 94 7  63 12 27 39 16 72 74 82 49 15 26 45 18 92 47 53 30 80 22 69 19 31 52 47 79 17 92 55 95 19 7  30 46 37 10 88 36 54 0  62 49 23
56 41 74 33 98 54 95 3  20 28 6  45 15 26 22 97 45 23 16 99 73 8  62 87 4  83 81 69 97 48 92 44 0  43 55 93 46 56 27 86 8  37 76 32 11 37 67 78 64 26 66 13 45 12 7  13 77 63 59 0  79 55 16 85 66 62 4  99 56 9  63 80 62 89 94 88 8  1  11 74 27 7  12 40 33 69 10 55 66 60 10 6  13 51 24 26 53
61 1  70 12 12 14 2  57 53 61 74 78 72 32 6  40 86 44 71 30 0  14 89 34 19 2  46 69 19 18 75 76 27 15 10 97 21 45 98 19 54 98 91 61 26 50 42 7  52 47 79 92 69 61 59 61 76 47 94 68 23 50 57 67 12 59 13 92 86 67 9  22 70 45 53 74 76 7  9  73 51 8  38 0  87 66 67 89 49 0  21 99 68 31 8  8  94 22
98 78 50 84 25 31 86 9  76 4  38 70 14 62 23 17 51 40 23 79 25 35 47 28 26 84 37 54 11 83 25 55 49 16 72 49 48 56 23 6  44 76 84 26 33 8  17 49 14 21 46 73 56 76 42 21 19 36 32 0  90 54 98 89 78 86 24 94 4  28 7  80 13 99 65 88 53 15 96 53 17 51 46 63 95 72 4  95 50 53 89 39 76 86 47 71 13 50 6 
