31
45
30 86
71 80 96
63 39 26 40
98 64 67 86 11
2  70 78 42 41 45
40 75 76 73 26 61 37
73 9  64 59 18 98 16 88
28 45 7  63 88 47 81 73 37
73 96 39 57 29 67 75 10 44 55
45 83 41 35 83 18 94 51 21 26 4 
90 46 59 93 0  7  55 57 18 99 44 10
94 47 10 17 85 69 83 16 41 2  40 32 59
63 99 48 58 28 64 18 27 32 96 77 47 3  52
31 95 56 28 33 78 15 15 0  18 11 85 60 83 29
19 4  21 54 62 58 79 97 86 98 64 64 48 41 4  94
33 97 93 57 19 86 4  43 41 70 81 6  52 6  83 69 27
81 39 78 32 39 29 65 53 20 50 34 20 12 23 69 65 63 62
63 71 28 6  88 68 97 2  80 11 24 31 43 2  78 87 40 44 38
25 22 44 80 8  98 37 53 55 24 38 14 47 92 71 19 9  39 6  51
19 55 39 87 61 52 28 60 33 79 7  39 0  49 88 24 60 56 68 69 29
27 21 84 67 9  3  71 48 86 70 97 28 77 64 45 7  92 57 0  55 97 89
31 61 3  57 22 44 83 87 61 53 36 67 73 90 46 74 39 46 87 74 68 23 53
78 14 45 67 14 49 50 93 10 36 84 60 45 98 15 65 83 22 63 77 44 36 13 2 
60 89 62 52 74 47 45 42 62 79 53 96 84 23 52 49 84 63 4  47 33 51 41 21 66
34 42 84 94 20 42 55 36 5  1  68 20 80 7  4  43 74 29 40 32 48 83 54 49 75 29
15 68 94 10 22 43 19 67 23 87 84 54 93 54 10 23 27 86 6  37 21 77 46 14 78 45 33
4  48 98 45 21 36 8  74 28 56 8  13 39 17 39 87 23 72 36 26 36 4  30 43 96 50 54 43
3  67 46 71 43 37 40 4  80 65 76 23 86 39 5  59 22 21 52 69 3  37 62 59 81 40 57 42 97
1  77 89 50 40 69 17 63 66 70 4  69 97 59 82 74 57 13 36 40 98 61 61 40 70 42 38 69 96 6 
72 66 62 66 7  47 45 79 25 35 77 49 8  99 13 45 66 55 18 34 73 8  2  65 4  73 23 37 68 59 20
