67
67
38 18
56 3  78
39 70 48 67
25 15 66 5  61
51 94 50 42 45 63
11 20 96 51 16 93 48
48 28 27 17 90 59 28 90
2  22 43 22 4  87 26 33 54
86 43 64 14 56 58 64 89 92 2 
52 7  3  35 91 12 40 90 9  81 65
74 92 53 39 79 9  81 16 8  10 9  2 
87 1  48 18 29 42 46 55 80 25 37 19 0 
95 2  53 30 37 19 51 69 48 90 52 95 50 59
85 35 23 50 61 23 98 22 23 5  39 91 77 19 79
46 95 2  79 63 76 59 26 67 6  98 27 28 86 17 82
8  7  17 90 37 76 98 41 83 80 19 93 11 61 45 19 31
80 94 16 30 41 3  19 43 97 78 68 34 80 93 98 81 29 19
64 58 34 23 59 24 2  72 52 26 94 87 51 50 9  47 46 12 49
92 17 36 79 7  13 15 60 76 64 47 85 52 97 1  16 83 25 39 90
7  5  94 79 69 61 81 7  83 25 26 9  44 0  38 90 52 64 19 65 98
68 51 54 82 32 23 79 5  23 55 38 21 72 2  78 5  46 94 50 18 26 88
26 58 72 36 38 89 34 56 27 85 45 34 89 42 98 41 20 79 99 98 43 20 68
54 24 70 0  8  71 62 70 95 0  60 93 28 73 59 41 6  59 33 13 52 79 67 66
41 73 17 77 95 84 72 85 64 75 21 78 45 63 97 94 16 44 8  64 52 46 28 78 4 
60 44 97 96 91 52 72 95 25 8  8  25 8  39 24 29 12 67 31 39 23 21 16 49 44 2 
36 90 15 18 61 43 22 69 94 19 25 34 7  14 54 91 87 42 20 17 96 93 12 22 99 49 14
49 96 55 79 65 69 98 81 92 19 34 17 17 94 61 44 40 26 43 78 89 30 11 83 16 71 77 1 
52 28 50 20 97 58 39 48 94 43 30 26 66 48 75 71 55 18 83 16 95 43 95 85 16 77 15 58 85
79 99 35 56 0  91 19 74 96 80 35 4  22 51 51 22 63 36 60 99 32 15 13 30 62 89 60 52 98 27
28 33 95 12 72 0  92 64 85 7  94 24 81 75 8  70 88 53 25 89 96 18 36 74 41 0  16 39 70 18 33
73 71 13 2  59 99 23 24 50 1  55 24 47 19 7  63 81 37 42 48 65 10 83 9  59 30 16 50 50 34 21 99
81 13 80 76 67 77 3  53 99 56 7  17 95 56 1  37 17 61 75 59 27 74 12 15 46 90 9  21 28 1  81 85 89
38 54 36 12 27 96 65 79 47 16 51 15 14 82 35 72 51 16 11 1  14 4  80 72 85 52 19 35 12 17 34 4  47 38
82 98 27 24 35 93 39 36 50 22 67 11 15 20 32 93 58 69 62 82 39 70 91 26 14 16 21 82 68 5  6  81 21 36 28
19 97 4  78 0  8  27 59 88 32 67 82 65 28 99 95 4  68 63 7  8  37 40 6  18 65 14 44 18 99 29 34 17 66 61 76
39 10 79 88 77 62 45 16 37 79 20 25 68 33 72 27 78 96 75 81 7  21 55 66 92 82 8  74 77 46 91 20 58 59 12 72 32
79 3  8  65 77 46 99 1  35 5  53 75 59 31 16 61 78 92 87 98 83 82 60 42 11 52 27 88 58 90 57 78 24 62 56 74 23 60
78 5  31 89 72 23 17 36 55 23 46 28 57 36 43 91 36 20 2  29 23 94 6  2  31 45 62 43 39 89 71 74 71 77 15 98 50 76 22
82 79 12 34 69 36 28 77 96 74 44 6  1  28 33 96 64 77 55 14 1  54 97 90 36 68 23 95 43 63 87 1  79 71 17 18 46 11 45 19
62 35 81 78 4  39 22 47 25 68 33 55 53 82 67 53 56 35 33 95 67 40 62 38 78 7  47 53 44 5  6  71 93 55 51 93 34 23 64 45 14
37 59 8  80 36 83 51 3  34 92 25 10 32 30 28 75 35 32 53 62 39 6  58 2  28 2  45 82 44 14 97 43 31 91 21 66 0  62 49 54 89 12
90 75 77 78 57 81 57 97 77 40 5  97 1  56 54 57 79 3  54 52 46 56 51 84 14 73 9  21 94 98 2  21 53 62 77 46 69 44 45 3  17 46 16
80 24 25 41 33 46 32 39 24 50 81 99 87 32 59 32 84 92 8  61 19 19 9  57 21 33 23 84 95 25 23 91 30 4  50 28 54 80 74 94 12 67 86 21
7  96 77 71 19 43 45 53 86 32 83 88 94 94 49 55 20 20 68 8  5  82 20 3  30 41 90 69 93 61 14 61 62 69 72 70 37 61 24 37 66 15 2  60 42
84 57 17 19 73 4  0  89 73 16 61 40 44 40 0  66 17 99 75 93 63 81 62 59 9  2  4  71 89 92 57 24 58 47 61 89 11 0  9  91 24 23 69 34 56 91
26 44 42 74 75 6  22 75 34 8  27 97 1  1  5  32 38 56 39 83 53 98 89 31 68 64 52 36 63 42 49 94 78 34 75 88 21 47 72 1  0  80 71 63 78 21 5 
80 56 9  45 24 69 50 63 64 73 81 92 76 77 6  52 86 32 69 22 25 58 43 19 78 85 41 37 29 22 74 53 56 70 45 95 90 67 58 36 9  20 11 83 49 36 50 66
18 27 85 34 81 75 87 4  48 27 57 47 15 81 22 91 45 11 71 8  93 74 8  15 97 78 90 56 17 32 3  27 30 83 29 4  98 96 30 25 71 7  73 25 49 82 11 45 50
17 10 7  83 92 27 41 13 78 9  81 6  58 72 51 29 82 49 4  57 73 22 21 24 11 71 65 57 62 46 18 7  26 36 94 16 23 79 60 58 23 2  13 62 55 17 39 52 38 92
98 91 21 14 71 59 75 13 79 73 98 68 36 30 25 30 85 85 62 55 47 52 18 23 5  12 8  69 28 61 51 50 69 95 4  95 6  9  5  17 73 59 21 90 79 26 66 44 56 57 53
5  24 74 41 40 39 80 79 3  85 79 21 66 9  35 41 46 15 0  20 77 70 22 57 42 60 51 68 81 40 43 79 53 97 35 84 77 48 42 74 16 55 48 2  66 3  59 55 12 41 22 15
91 19 81 21 90 90 25 59 20 68 95 44 78 73 41 46 42 53 81 61 61 92 30 13 20 4  73 64 72 68 90 85 8  52 78 79 12 77 97 70 60 63 55 22 92 19 92 90 24 73 0  98 30
65 86 45 11 18 59 39 2  68 28 97 44 76 83 54 66 11 14 5  65 39 46 98 42 84 10 62 87 35 31 18 72 51 74 88 37 3  43 97 55 61 1  34 54 16 66 34 9  52 4  37 22 98 79
2  11 17 67 2  95 12 36 91 87 41 39 79 36 97 22 23 49 48 5  4  63 62 12 27 43 51 96 85 23 71 10 19 3  4  12 99 61 91 48 50 61 6  56 34 87 96 29 6  37 45 23 74 84 13
37 96 0  72 53 68 60 99 54 41 80 30 83 36 98 66 60 1  52 67 76 94 67 64 93 21 49 26 24 77 21 34 5  73 65 17 21 16 79 79 93 69 68 37 9  26 24 87 68 48 84 76 81 60 12 59
65 23 30 29 5  38 24 88 23 14 1  49 60 34 32 70 23 8  86 13 96 12 88 31 20 4  67 67 85 66 8  41 2  99 91 77 68 23 30 8  73 28 24 39 98 57 46 4  68 30 38 48 53 72 40 83 28
94 95 72 55 84 23 82 59 48 27 98 55 36 12 14 79 29 45 14 34 46 15 8  12 43 27 35 51 45 96 75 92 36 74 2  46 40 88 90 0  4  34 86 99 51 43 3  54 61 64 95 88 38 99 51 69 33 77
73 90 92 90 50 99 50 21 44 32 76 51 23 61 75 56 16 38 96 75 72 40 74 45 60 45 80 15 23 38 12 75 90 96 11 35 13 83 12 26 38 39 78 73 74 7  11 30 77 21 19 75 40 45 96 87 97 64 77
90 3  84 82 40 74 75 46 7  47 98 90 52 49 59 93 72 57 61 11 82 66 44 77 96 62 31 97 98 60 99 70 89 4  13 22 77 69 74 20 2  50 26 20 55 16 67 65 93 58 97 16 49 69 24 48 59 38 17 17
39 63 96 49 26 31 54 51 73 38 5  31 84 99 49 87 72 35 7  15 49 8  35 32 9  63 47 1  37 45 77 24 64 61 8  42 45 52 58 88 53 20 15 89 11 70 99 62 48 16 73 61 70 16 3  1  61 98 34 11 92
74 75 13 53 86 9  28 23 13 23 50 57 6  59 77 40 68 39 27 60 29 17 33 16 26 14 18 77 78 58 55 93 66 24 96 87 15 74 27 78 9  98 84 36 59 90 15 50 78 88 20 18 18 87 98 81 18 94 35 99 16 62
33 59 65 25 98 5  19 49 13 94 98 69 91 88 51 35 56 47 73 89 31 2  44 82 89 73 57 7  11 23 57 17 88 49 95 23 74 51 90 40 16 26 48 67 50 77 75 22 77 85 28 6  93 94 29 30 31 50 90 82 0  27 33
60 41 72 65 63 99 48 67 34 13 48 57 56 64 56 3  3  49 90 57 33 22 17 47 71 7  81 51 93 7  91 26 33 24 12 56 29 50 80 98 45 21 21 79 36 82 86 30 72 78 61 31 99 50 78 3  17 33 12 13 97 92 48 46
56 44 29 58 17 71 56 87 56 91 11 47 13 48 36 44 74 86 47 82 52 61 5  88 75 90 12 51 8  16 0  99 94 75 14 36 10 89 35 28 74 51 75 92 54 27 76 42 28 68 81 92 68 15 40 57 87 87 9  40 97 13 78 72 25
74 10 97 12 63 68 35 97 16 33 92 11 78 38 54 32 62 38 17 3  63 49 94 73 42 54 1  91 35 3  43 75 77 72 55 85 17 16 33 49 67 85 11 9  85 41 11 59 58 51 50 81 33 85 66 75 34 27 30 24 67 87 24 76 77 66
76 10 78 41 57 25 52 39 95 94 37 71 91 90 60 98 22 34 28 24 89 64 15 22 29 97 21 30 72 29 93 57 3  16 11 46 38 8  14 42 69 10 54 52 17 2  41 50 8  8  42 81 9  17 19 4  15 3  31 39 20 12 47 74 26 78 84
