94
85
39 23
58 18 0 
61 33 4  12
30 11 97 83 65
16 29 36 77 20 58
65 30 59 55 76 51 67
46 54 13 23 70 34 35 16
97 62 29 62 59 46 38 19 18
45 8  57 63 74 98 1  63 65 19
47 87 24 61 47 37 92 69 98 92 94
77 76 93 59 14 91 3  55 30 81 93 37
53 30 51 48 84 44 78 81 12 1  22 37 92
4  36 6  30 5  53 13 41 0  81 96 70 67 12
14 94 7  0  43 28 97 84 35 45 13 71 49 91 90
35 23 92 31 44 98 42 57 94 78 65 62 33 18 16 32
29 20 11 18 28 53 86 91 7  77 55 56 25 54 59 90 92
65 88 27 35 22 57 1  4  99 86 91 3  35 90 86 37 27 18
24 73 79 89 79 94 40 29 68 27 66 51 77 10 66 0  30 2  23
0  96 50 31 68 12 56 14 23 56 86 20 77 69 27 10 29 63 13 49
62 60 4  17 78 12 92 51 66 22 38 7  66 83 65 9  99 68 92 54 72
35 78 45 39 7  44 45 28 12 25 20 1  58 38 92 75 26 76 57 85 68 41
76 37 71 0  3  29 14 87 62 48 40 67 79 30 89 90 59 48 9  5  2  55 37
46 65 39 95 44 90 32 32 54 55 81 98 49 15 27 79 60 45 63 45 46 76 83 16
29 20 10 66 93 69 52 44 84 33 17 10 37 68 61 61 0  1  32 3  33 55 60 38 35
24 85 98 7  91 48 59 55 79 53 83 43 54 8  53 26 72 18 60 22 88 46 59 22 70 67
23 5  5  48 92 11 83 69 49 31 14 75 77 4  51 8  67 65 4  33 71 44 21 99 10 12 45
56 89 56 82 63 74 54 99 4  74 61 45 33 13 25 9  85 42 37 50 59 51 13 15 26 99 2  17
30 92 70 80 4  82 19 49 9  29 1  7  89 55 35 34 52 67 48 66 45 1  9  96 64 98 49 61 23
58 79 81 59 13 74 64 64 14 46 80 2  75 55 15 28 7  52 27 36 36 62 46 66 99 0  71 8  55 26
71 41 54 60 49 43 97 59 99 70 63 24 16 57 16 99 47 69 48 1  15 33 76 68 45 0  52 97 40 6  72
55 50 19 37 90 40 92 7  31 38 51 40 70 87 73 8  94 81 19 74 32 81 4  27 27 79 4  79 84 38 67 15
85 32 8  53 12 69 44 43 17 90 48 3  96 46 4  18 36 7  78 12 82 68 7  0  59 55 91 54 72 56 86 2  9 
92 76 47 65 40 27 48 70 51 62 87 56 1  73 41 81 31 10 67 23 57 21 23 62 64 65 37 28 44 2  79 29 60 14
44 13 88 97 47 63 85 99 7  65 97 93 24 60 68 17 12 77 38 34 96 12 99 4  74 25 16 74 10 39 63 23 82 92 7 
86 82 33 10 62 18 34 11 76 31 33 81 22 51 14 24 94 59 69 45 88 14 5  22 4  37 45 17 40 52 41 77 12 88 16 2 
79 8  0  31 84 34 50 55 91 43 23 78 78 7  37 91 8  40 46 37 33 18 7  16 2  29 13 89 18 23 45 23 0  53 7  91 39
86 72 29 72 96 16 96 26 97 53 61 75 0  20 78 13 28 81 54 29 25 35 82 86 27 49 20 38 38 55 91 59 51 82 22 21 28 49
34 13 7  39 4  68 59 14 80 5  61 6  79 81 17 23 59 48 63 6  68 61 25 85 28 39 24 24 19 72 16 81 81 82 95 18 35 74 64
8  77 56 95 30 48 0  97 62 94 78 73 37 47 60 9  61 58 11 25 59 41 49 5  14 82 10 78 21 38 49 26 16 3  64 63 49 66 37 55
8  63 31 15 87 0  2  70 65 55 51 54 44 13 15 66 84 42 67 35 85 96 30 12 54 72 12 58 71 54 53 49 1  35 28 95 0  76 98 85 36
12 70 72 4  32 83 48 77 41 21 91 0  63 32 63 39 98 63 88 27 9  54 45 58 5  89 67 15 94 73 63 58 41 24 77 75 56 33 94 62 52 99
14 14 45 63 90 0  26 68 36 89 72 22 85 37 26 2  59 82 75 83 22 39 85 82 87 43 62 72 46 5  62 12 56 14 98 55 61 55 66 51 0  80 45
39 10 5  35 35 58 89 38 68 50 76 13 30 70 54 10 8  2  10 5  75 53 60 92 78 6  44 64 58 63 58 19 71 33 25 42 38 42 40 6  69 43 3  61
53 1  54 86 29 57 4  6  7  69 10 70 10 24 63 92 76 75 91 7  37 49 84 88 10 87 99 78 98 26 18 57 94 31 78 80 89 5  76 77 37 71 90 88 41
85 14 8  24 97 71 47 81 12 39 96 45 63 51 91 93 28 62 46 69 25 1  40 84 13 40 21 23 67 62 6  35 97 21 56 85 45 4  40 96 36 17 22 71 42 44
94 93 40 60 94 52 94 74 64 12 25 12 91 27 56 29 7  2  40 96 59 67 3  74 45 32 33 71 70 55 4  54 45 53 64 11 21 78 54 41 67 13 41 52 79 34 14
25 30 38 55 19 45 25 98 58 97 15 97 38 36 23 76 23 11 87 29 28 3  75 58 28 97 16 62 90 72 98 11 39 6  43 37 45 4  6  99 23 58 52 71 75 55 64 31
65 39 95 47 39 46 59 8  52 53 71 49 66 97 7  90 68 8  17 9  96 72 18 95 6  25 72 85 93 15 96 70 83 47 74 44 69 67 38 31 88 20 36 60 35 59 13 80 3 
12 93 73 16 42 86 98 35 55 6  15 3  42 69 50 14 49 59 59 85 33 13 4  88 87 64 32 53 50 81 49 81 5  59 46 68 98 42 8  51 43 23 6  98 62 41 72 29 58 93
74 92 54 88 47 25 37 27 19 43 16 80 14 77 6  34 45 64 50 30 72 77 92 73 55 8  39 21 62 64 33 32 19 86 87 59 4  93 13 77 52 20 31 52 49 18 14 74 77 72 42
11 54 94 69 81 87 30 69 44 53 51 66 14 64 96 49 28 76 3  29 19 2  90 3  38 99 10 27 27 16 77 0  98 66 98 73 66 53 81 74 6  50 75 90 28 8  69 81 51 95 78 77
72 34 97 54 96 58 60 1  66 73 7  0  84 19 95 13 6  38 46 21 62 86 18 99 59 45 84 13 96 14 30 92 5  5  27 95 65 54 15 82 29 25 17 2  57 83 89 18 99 18 77 43 22
60 27 10 43 60 99 66 47 45 26 43 85 1  16 74 38 17 72 95 36 27 22 73 74 31 86 19 67 96 68 72 6  28 47 59 13 73 23 83 8  39 87 89 85 33 94 14 0  60 32 69 80 45 12
43 40 63 66 72 82 18 95 63 43 8  10 26 41 3  54 46 38 11 9  80 77 51 57 99 11 82 81 63 17 64 51 44 75 98 61 26 20 71 38 41 90 11 12 97 99 21 29 87 5  59 45 77 4  74
89 11 80 29 20 94 14 99 80 98 56 10 45 69 17 87 96 18 2  30 41 81 88 18 62 72 81 9  31 83 96 92 8  70 64 70 79 64 62 39 79 61 80 43 87 91 14 29 84 96 68 52 0  6  57 53
3  92 11 38 64 61 79 1  36 40 29 58 92 68 45 70 45 71 16 65 18 1  61 47 99 11 42 3  6  81 31 67 69 37 25 70 50 23 76 26 76 10 68 40 71 23 67 88 7  45 18 40 91 86 51 27 1 
3  17 79 30 72 8  43 9  33 61 44 87 45 56 34 51 22 28 98 38 31 57 94 39 77 94 27 16 50 43 84 14 48 70 32 61 13 51 45 44 68 3  39 67 5  30 25 58 99 8  27 25 19 76 31 69 2  31
33 51 87 54 81 98 15 71 75 63 45 80 2  21 68 72 11 85 75 81 18 71 82 76 39 97 99 98 74 76 14 10 74 49 76 43 68 47 78 60 36 15 80 28 51 73 62 99 76 89 59 95 1  45 46 85 10 57 90
14 16 57 89 75 53 23 62 26 54 66 66 29 5  63 6  49 81 13 35 57 34 81 74 90 2  82 48 35 3  16 29 46 48 12 66 43 57 4  16 45 39 68 70 3  93 22 25 65 57 46 14 27 6  38 31 60 66 2  96
47 19 75 27 93 60 29 40 96 42 51 18 5  59 48 30 99 24 61 33 31 68 77 21 29 71 22 33 5  39 60 25 83 51 3  44 2  95 42 11 37 11 41 52 75 18 92 22 74 37 88 64 58 47 43 24 59 4  29 20 91
35 65 51 50 27 10 66 40 3  20 74 19 44 38 47 4  17 68 23 46 99 7  54 9  14 32 59 81 22 44 35 28 33 49 45 32 80 67 80 33 53 71 8  30 57 83 59 40 37 75 78 47 98 19 15 98 8  9  65 24 76 92
68 61 96 11 71 60 66 53 6  35 25 15 50 76 2  55 59 56 57 55 87 53 28 11 37 62 29 97 6  31 15 94 80 75 98 54 65 13 43 65 32 48 40 26 36 83 44 87 78 15 17 69 4  42 82 59 79 43 79 97 73 13 73
21 65 20 4  80 5  31 24 16 1  36 14 80 19 13 37 0  78 57 49 92 76 25 61 86 22 50 36 60 54 72 12 45 65 78 23 81 31 67 25 18 44 0  39 0  46 87 68 41 82 3  73 79 52 39 76 80 36 75 23 0  18 70 60
26 54 78 43 4  70 91 42 54 97 38 83 69 76 77 96 24 17 14 89 58 82 43 51 56 31 86 67 35 27 6  20 6  52 10 65 73 94 54 58 21 90 66 32 13 85 14 96 70 21 27 80 20 0  16 23 7  95 13 74 12 3  79 10 40
62 45 20 18 78 64 8  73 4  1  96 0  97 29 82 71 24 37 27 57 4  70 76 38 12 81 41 12 88 24 89 79 0  96 29 45 80 1  10 59 74 84 6  42 56 3  80 49 10 44 96 60 16 32 75 16 23 68 30 0  54 35 97 73 60 26
45 11 7  21 39 6  94 35 89 37 7  95 73 64 77 39 89 38 17 19 39 29 56 76 3  57 49 23 54 58 59 25 1  73 93 57 92 97 32 2  59 67 82 55 81 8  3  71 70 95 83 7  98 29 29 29 9  16 99 50 71 43 14 85 65 5  31
22 66 67 25 7  86 81 69 7  31 50 73 61 32 34 59 83 88 82 74 74 32 18 23 39 47 79 23 74 48 86 54 0  55 51 98 62 55 89 86 51 72 41 21 15 62 70 28 92 61 36 98 94 9  99 9  14 51 94 18 98 38 94 31 50 28 35 4 
36 49 69 35 75 9  0  20 13 59 52 36 11 10 66 91 8  23 29 39 91 6  63 46 80 21 55 41 50 7  5  70 15 11 24 70 62 4  95 16 73 27 65 88 33 55 65 21 77 33 59 83 27 85 63 72 47 21 21 7  64 92 48 51 97 3  77 8  98
48 27 25 71 14 13 2  97 69 21 48 14 49 83 15 39 75 54 79 29 50 29 47 5  30 97 8  48 34 81 23 57 77 32 87 85 29 99 66 0  27 4  38 13 78 99 65 24 58 59 16 64 96 47 87 89 28 47 67 54 3  88 3  87 70 7  64 7  78 87
46 78 14 89 77 81 57 28 39 58 98 4  85 13 81 76 28 4  34 14 86 63 80 58 25 89 54 74 94 58 20 85 59 6  35 11 16 24 77 29 72 16 87 24 41 11 68 18 47 19 24 51 19 72 99 97 13 67 93 98 55 74 20 19 1  81 43 3  39 87 39
72 83 62 41 45 38 55 86 42 86 26 18 3  77 13 13 26 99 25 64 8  94 68 88 41 38 43 88 21 63 87 92 27 89 54 80 81 43 97 52 67 32 90 96 13 81 34 73 54 59 34 40 8  10 34 44 87 86 15 19 90 50 97 0  93 24 26 21 11 91 48 29
79 5  31 87 0  64 20 97 14 26 8  31 56 17 16 67 81 32 19 87 74 77 82 10 90 86 78 80 8  25 97 22 23 54 14 10 32 21 7  14 82 47 69 45 8  68 99 7  29 90 3  1  59 2  47 95 27 42 56 27 60 67 24 99 82 37 77 84 72 88 90 33 84
5  61 1  51 49 30 41 85 80 18 32 79 10 69 1  68 60 89 60 97 0  80 60 90 27 32 65 69 95 94 81 19 26 35 30 32 27 99 98 34 19 93 17 64 93 73 71 87 34 96 33 91 53 51 32 68 14 33 25 67 78 33 33 36 27 85 13 49 78 7  80 52 33 49
58 89 54 27 65 44 11 23 63 94 19 57 73 37 50 54 55 53 75 75 55 78 58 39 48 37 1  73 27 38 38 43 44 93 50 71 92 43 95 64 50 9  42 67 19 16 86 56 80 54 86 51 31 42 0  67 10 92 61 56 32 25 92 76 51 0  92 30 69 39 94 4  63 79 99
96 29 77 7  85 68 8  9  18 39 63 98 58 28 41 27 97 80 39 32 71 61 47 33 66 53 47 9  73 21 53 95 3  52 88 28 9  83 65 7  85 50 99 51 8  76 11 35 7  59 15 98 81 28 73 28 71 69 36 66 34 35 15 57 3  6  34 39 97 45 28 29 30 33 96 66
49 71 47 39 99 91 58 62 86 20 32 24 62 31 91 95 32 55 78 13 3  52 78 10 64 86 31 94 86 86 27 70 13 55 85 24 64 6  57 78 71 59 13 59 46 47 87 44 43 65 32 11 15 44 32 53 32 2  72 7  94 80 41 86 1  11 90 7  0  56 5  36 80 98 71 87 84
71 7  15 40 48 87 86 36 27 47 66 63 38 42 60 41 0  94 30 93 90 70 60 22 23 44 41 91 12 2  45 20 50 14 44 97 82 97 73 50 56 83 73 1  74 45 82 4  90 43 2  38 78 40 35 55 72 72 53 30 93 95 77 56 45 69 22 8  81 33 41 39 57 67 30 4  9  15
1  80 84 90 68 43 21 72 3  80 31 89 30 45 78 24 33 24 55 99 46 54 79 43 64 93 24 14 34 75 48 0  79 13 42 5  33 27 37 19 26 55 62 66 98 40 87 47 42 57 23 5  70 74 40 3  63 25 39 90 48 95 10 22 33 45 58 45 69 39 59 97 35 70 77 27 99 86 80
11 9  72 80 58 39 37 56 31 14 2  75 64 75 4  55 3  83 95 12 85 52 0  48 90 43 72 65 45 74 60 84 49 66 77 33 61 51 73 14 50 93 38 66 13 65 52 95 38 12 64 4  94 87 2  0  72 75 6  26 6  54 49 96 75 22 15 63 69 7  41 56 95 39 23 77 65 86 36 77
57 98 53 53 72 44 59 39 6  46 86 73 28 24 90 86 66 60 21 29 15 17 16 99 49 55 43 42 70 92 86 49 96 44 33 80 34 10 76 20 13 30 65 4  71 25 64 77 42 55 18 82 35 96 15 58 61 83 86 9  36 60 20 73 60 46 94 6  34 61 54 4  33 10 39 41 87 92 60 64 68
6  43 89 18 42 22 72 90 34 92 34 83 49 74 22 35 24 62 22 53 17 99 93 21 76 72 22 64 66 97 12 16 73 26 1  90 2  58 1  4  3  69 5  49 90 61 85 79 16 67 11 30 93 15 73 71 13 60 17 89 39 27 29 63 61 98 89 36 7  14 90 60 93 0  57 98 6  68 49 16 30 8 
77 83 54 37 29 20 38 70 31 25 75 65 48 48 42 59 50 66 75 80 63 75 7  92 11 60 68 66 5  73 55 56 44 91 29 62 1  86 40 29 97 61 58 35 39 42 81 1  64 21 67 57 25 87 99 21 57 6  39 99 25 4  26 41 9  94 89 0  52 83 56 42 86 50 80 48 98 18 38 39 29 77 64
68 80 62 10 7  7  6  79 37 76 29 11 7  23 97 87 19 31 0  29 25 53 61 22 51 60 21 79 45 61 27 79 34 85 39 31 11 44 5  12 76 53 66 3  33 66 11 46 94 0  5  99 48 42 60 87 47 5  53 52 96 71 14 29 38 14 82 87 7  24 34 93 95 79 12 34 29 87 18 26 35 62 6  34
18 39 52 4  67 70 68 71 70 57 91 52 85 18 67 96 25 91 17 30 35 37 84 70 6  69 44 50 72 5  77 47 1  74 70 84 3  73 13 31 92 71 98 77 70 77 5  94 46 74 83 5  41 66 30 28 51 37 4  5  66 59 30 71 58 72 62 11 1  34 46 26 47 33 10 73 8  80 14 47 4  70 2  70 4 
66 89 30 78 79 8  74 5  70 80 82 97 26 44 58 0  30 73 32 32 99 90 32 83 35 45 47 25 25 1  27 20 53 94 10 62 83 11 56 3  10 53 69 31 75 36 23 3  87 26 23 20 88 74 23 8  76 54 86 32 38 47 41 44 51 49 71 30 18 39 12 70 28 88 32 95 10 17 74 25 70 86 53 67 93 10
69 9  33 75 8  45 71 78 56 11 93 46 6  53 37 92 37 23 93 46 83 98 63 43 46 41 77 87 96 17 49 20 14 98 0  57 61 54 8  46 90 94 44 15 5  53 82 58 59 54 91 61 90 53 39 30 95 53 6  62 55 50 47 27 14 56 46 8  65 75 80 1  97 41 49 2  93 54 8  68 5  46 29 20 20 76 90
20 14 43 18 62 38 16 12 82 12 56 21 13 97 73 54 27 72 58 88 73 67 56 38 69 58 93 24 3  72 55 37 56 55 79 87 71 96 62 47 40 98 78 75 10 55 59 90 19 39 52 25 40 51 96 4  10 67 44 0  55 92 89 71 77 21 52 33 31 81 47 24 73 39 30 53 34 58 6  1  68 44 75 83 64 64 17 61
86 70 56 86 88 90 30 1  41 23 3  85 96 28 28 74 8  90 6  84 79 72 16 8  17 24 53 36 25 99 26 89 1  46 2  90 47 36 54 34 90 0  8  55 53 47 93 55 66 29 92 85 53 59 82 8  29 63 8  81 11 41 10 10 42 98 19 65 6  2  13 58 14 56 76 24 51 4  57 6  1  24 90 55 98 5  23 53 67
22 94 40 29 50 70 33 72 60 18 44 64 76 95 65 3  33 11 87 89 73 5  53 99 25 74 62 55 32 43 36 13 70 15 23 6  22 12 95 24 45 1  13 27 96 53 88 92 32 48 24 69 17 86 8  21 38 18 25 32 62 89 67 49 51 60 29 10 17 82 53 11 69 3  24 55 68 59 18 25 60 0  17 18 5  18 17 80 49 54
56 54 71 9  76 40 55 6  5  15 0  66 49 24 91 82 42 92 48 43 61 73 34 22 76 67 85 63 71 32 56 21 60 50 48 34 25 34 38 28 76 1  35 41 85 59 42 7  59 80 29 44 69 58 64 91 82 35 1  92 62 21 56 37 82 81 68 16 58 4  25 93 8  24 6  13 39 75 96 68 54 93 84 68 81 6  48 42 86 47 6 
97 68 48 88 52 9  78 74 9  2  9  88 81 91 1  68 96 16 57 79 91 80 86 68 63 10 98 14 23 87 17 11 67 82 76 46 42 89 78 13 41 62 77 99 70 33 50 3  90 76 69 5  44 38 35 89 38 75 13 7  22 76 42 22 73 0  43 14 71 11 33 0  81 54 27 41 22 70 65 50 58 44 62 82 74 57 69 98 74 67 38 81
52 82 21 21 23 99 17 90 99 92 59 19 31 77 82 93 36 36 79 87 60 9  92 72 64 84 50 10 37 90 7  80 43 81 92 83 35 92 67 83 44 28 20 41 75 48 97 15 90 98 65 88 41 80 93 52 0  31 37 63 11 59 39 40 83 58 27 26 16 68 0  24 85 28 80 51 60 37 68 19 50 49 0  45 46 19 51 53 55 40 83 45 35
11 69 74 44 94 23 32 46 95 19 20 36 64 93 17 40 69 39 7  57 62 37 50 57 49 82 80 86 24 88 18 69 79 41 40 26 13 34 93 11 14 55 71 17 52 51 20 40 41 48 65 10 11 51 23 46 78 80 10 8  50 57 28 54 30 9  96 43 98 94 44 18 31 79 43 39 81 48 8  55 23 96 23 48 12 63 56 44 90 68 15 58 27 88
