97
70
50 41
88 10 48
70 39 48 78
28 28 85 18 68
2  64 99 56 17 44
30 24 83 44 57 41 37
49 1  17 92 56 99 52 22
68 23 0  66 46 99 14 6  32
16 65 92 72 12 54 1  77 74 63
63 80 3  25 11 46 90 46 72 61 61
27 13 19 92 33 81 23 66 17 67 88 78
58 83 50 78 77 12 52 49 11 90 9  49 62
54 26 78 97 75 6  56 80 97 89 27 93 63 44
21 17 42 7  49 41 60 81 49 62 72 44 81 47 85
85 27 4  62 28 25 55 23 50 35 24 75 66 94 53 60
41 95 85 23 83 71 59 3  6  98 95 1  18 95 65 86 15
10 35 21 45 32 94 37 72 7  84 49 45 24 6  60 13 86 74
0  99 61 14 57 38 89 3  84 1  21 72 83 11 55 26 72 79 37
64 37 81 48 36 50 52 70 22 96 31 38 78 3  69 48 70 94 14 62
62 90 57 93 15 90 5  50 67 75 93 36 94 66 98 91 64 58 8  96 91
88 3  91 74 78 59 11 14 54 88 55 45 28 67 4  57 50 94 38 58 37 17
90 90 89 48 28 64 62 49 87 60 59 25 22 81 72 0  20 47 87 72 12 94 52
6  6  42 50 51 24 89 35 57 53 26 63 52 90 98 94 3  15 84 88 6  75 74 78
33 5  95 79 7  51 22 14 54 88 94 44 2  5  37 48 21 47 4  35 13 54 53 84 43
80 4  56 50 25 65 60 17 19 19 98 94 63 90 20 8  83 85 28 73 25 2  1  79 75 35
10 8  26 21 17 1  41 83 11 23 18 38 80 21 15 61 8  49 61 14 99 71 20 23 64 67 52
12 99 92 68 80 69 77 39 40 40 46 94 87 93 64 9  81 44 98 45 18 67 25 32 53 73 16 92
90 88 37 91 52 25 34 98 59 46 47 85 14 48 62 31 87 59 2  52 9  31 14 32 39 29 90 27 30
79 73 86 28 55 78 42 16 6  1  4  89 35 9  79 26 26 58 37 41 37 97 67 26 91 2  11 96 45 8 
60 6  87 88 72 1  92 24 39 42 84 25 71 4  61 38 55 37 14 96 77 60 24 67 11 92 85 7  88 47 95
5  44 64 94 76 74 73 82 49 38 6  97 29 59 17 45 0  97 57 14 33 47 43 30 41 89 42 29 65 10 47 41
56 73 88 17 98 85 80 86 54 83 89 77 40 88 1  12 4  49 81 42 7  30 27 8  29 91 98 90 67 45 69 78 7 
44 63 76 92 80 30 82 37 9  61 78 52 35 98 90 79 88 47 70 53 74 39 35 46 73 76 32 68 25 0  54 11 28 47
93 29 60 88 76 21 40 94 69 54 15 31 44 54 80 53 54 1  62 31 44 40 11 45 58 72 72 93 76 82 63 64 4  31 68
43 75 12 38 33 42 81 15 69 43 0  53 60 38 17 71 41 37 23 45 6  57 28 95 1  70 55 35 56 13 76 34 24 30 48 77
22 59 75 0  46 30 14 54 59 77 77 19 35 59 78 70 81 3  27 87 35 44 94 95 72 82 87 36 70 22 56 11 80 2  80 97 95
53 22 69 67 21 41 80 60 59 40 72 85 72 15 64 30 13 36 21 14 1  83 70 2  88 31 29 52 68 56 0  25 57 99 72 16 39 3 
51 11 8  39 31 29 2  47 77 11 76 36 42 49 69 35 82 28 56 76 56 9  2  80 61 61 22 8  35 65 57 97 4  17 36 70 87 22 52
96 60 75 5  7  43 31 91 47 32 57 43 46 24 6  54 54 12 38 84 33 30 55 58 26 78 39 81 76 14 83 53 18 38 13 21 98 14 81 66
66 7  28 9  67 9  58 55 96 83 4  88 0  77 79 43 33 95 72 85 89 14 18 38 59 24 26 33 23 52 95 23 23 48 11 85 55 70 26 55 64
75 18 67 65 57 95 45 80 19 6  83 37 30 10 9  99 51 57 35 50 89 9  47 52 79 14 85 41 34 66 29 82 63 77 94 0  51 97 69 26 62 50
81 93 30 70 64 60 39 41 90 57 17 22 47 19 2  66 71 53 96 87 80 2  27 95 39 5  31 99 48 13 57 24 53 40 7  29 0  34 33 56 69 52 45
31 78 96 89 98 57 31 9  13 76 63 12 26 60 48 99 20 71 30 87 37 89 38 79 31 18 19 44 84 29 14 53 94 47 66 74 44 38 92 26 36 28 37 97
68 11 3  61 49 86 21 81 75 4  69 59 40 77 58 2  10 96 7  44 79 46 29 22 44 69 80 35 68 45 42 52 83 10 85 45 41 40 67 75 43 38 82 94 47
8  6  81 74 12 18 51 52 22 12 17 33 93 24 27 49 21 0  7  19 48 40 45 75 41 36 68 17 89 62 51 64 5  98 41 96 50 69 7  64 53 22 76 98 29 93
19 28 25 33 86 27 86 2  24 1  51 42 67 60 31 38 15 10 84 27 61 65 85 15 79 36 22 38 19 16 36 17 53 40 90 33 44 85 85 23 82 21 24 55 98 57 39
57 72 32 5  32 6  76 74 65 41 59 42 43 16 91 14 75 0  64 45 50 7  44 48 18 59 85 45 13 17 39 24 37 70 2  86 76 73 91 37 77 92 25 54 13 97 99 79
83 45 51 92 5  85 76 98 91 10 9  81 61 66 4  19 47 20 27 67 34 60 81 93 50 44 48 41 58 63 75 64 44 82 92 77 29 52 89 74 26 80 23 50 94 81 69 51 10
42 83 26 83 93 5  26 39 78 80 63 37 99 44 40 14 41 69 30 89 51 3  31 55 5  81 37 86 88 75 0  23 52 25 24 53 53 85 87 75 88 82 24 90 18 23 86 60 69 70
70 23 10 28 54 98 75 94 36 86 34 9  36 57 51 56 97 8  58 64 74 28 1  83 51 28 7  4  19 61 45 71 20 10 72 11 61 98 69 24 7  25 79 90 63 6  17 75 5  2  9 
10 84 74 8  66 53 80 62 10 59 54 13 17 92 70 51 41 77 49 30 49 58 29 70 28 54 33 13 80 8  48 77 11 47 78 43 9  84 82 60 64 39 30 95 58 41 33 20 70 55 82 23
19 75 57 27 12 57 3  11 12 74 88 69 53 43 88 71 63 26 58 43 99 21 31 58 82 53 46 16 38 67 63 43 67 80 87 14 67 19 22 22 1  86 70 68 99 37 43 57 97 26 53 91 91
27 19 88 87 31 32 55 79 80 94 59 84 77 89 21 84 75 30 35 81 4  79 37 98 90 8  48 75 8  13 1  88 11 23 46 7  83 79 92 28 33 18 23 78 43 92 99 90 50 54 97 52 28 76
88 41 62 31 42 74 90 12 15 37 75 43 63 30 57 85 22 0  94 24 44 16 13 66 14 89 30 73 87 7  86 31 80 24 58 9  28 16 32 44 33 68 54 29 43 96 7  85 17 59 89 2  14 83 16
10 30 63 67 89 56 80 8  75 86 28 85 32 47 22 84 90 96 46 91 63 72 74 45 90 48 4  11 82 84 73 46 21 99 85 75 64 63 38 97 38 84 53 78 68 21 62 45 61 79 43 70 20 35 65 51
46 17 89 22 4  80 58 49 46 55 44 50 65 68 77 4  77 1  16 41 69 61 15 77 12 84 7  77 55 26 37 3  16 47 47 83 6  72 92 0  3  98 74 13 40 48 59 48 77 49 37 95 44 86 50 39 25
86 61 99 57 31 60 54 58 7  54 13 42 64 47 32 74 56 73 44 90 50 41 51 47 23 70 27 61 84 75 31 1  81 35 35 40 91 57 13 23 21 0  15 9  82 44 9  84 24 89 68 15 46 39 91 11 28 7 
22 59 10 41 51 58 37 4  24 79 84 37 64 11 44 25 16 64 53 22 83 3  92 2  57 59 5  52 13 15 28 24 64 31 63 80 2  80 81 99 38 85 72 14 8  10 19 66 87 69 15 63 33 23 48 2  88 99 7 
31 68 15 7  41 7  73 43 45 21 53 37 76 13 3  69 81 39 99 73 77 4  40 69 47 43 4  88 22 8  9  14 98 33 69 52 34 49 64 51 45 2  65 62 4  3  95 39 62 15 13 29 53 61 55 43 7  54 8  31
37 6  58 87 88 83 26 52 38 20 92 43 56 79 62 30 93 20 29 43 46 79 18 14 1  61 58 15 28 63 53 91 29 23 19 12 34 20 90 90 8  41 96 77 93 13 19 17 63 57 50 40 44 38 64 60 7  70 95 4  62
33 81 52 53 84 64 55 94 47 52 2  77 65 79 33 38 44 50 71 26 51 3  7  81 52 41 69 43 40 5  55 95 75 84 3  26 72 78 81 81 0  68 81 2  9  98 93 57 88 87 89 1  65 17 33 26 77 96 83 37 73 38
86 70 6  12 13 99 96 18 27 35 63 23 5  72 30 42 38 68 66 57 53 35 43 66 38 12 49 64 5  89 13 75 11 99 69 69 3  46 73 27 27 50 91 67 54 10 31 86 34 23 22 97 92 90 94 5  67 31 44 5  70 90 83
84 20 13 47 61 94 55 87 14 20 0  40 38 4  36 92 53 8  23 0  33 58 17 87 40 87 34 27 55 27 12 67 4  49 64 53 79 95 32 91 71 51 63 93 5  0  27 54 57 6  89 73 58 60 34 42 81 17 56 20 51 18 33 22
80 94 0  27 36 60 33 50 51 50 80 10 15 25 96 98 3  17 13 79 33 42 77 40 98 19 91 55 60 81 2  24 58 2  1  43 83 22 48 2  77 14 51 29 61 68 66 66 29 75 1  96 21 16 47 17 49 9  35 53 84 35 8  16 35
70 25 20 92 47 13 56 34 27 5  23 81 18 47 39 57 76 31 47 68 1  48 47 94 92 58 19 99 42 9  56 52 84 41 6  75 64 54 39 34 76 91 92 99 7  35 1  0  72 80 51 40 66 46 30 41 65 17 37 72 9  21 98 91 21 59
44 35 58 38 54 86 8  66 47 94 87 18 97 56 83 23 76 87 8  2  87 33 6  33 72 27 77 28 72 54 1  31 58 87 50 84 96 28 78 75 23 55 41 76 57 41 28 19 35 31 5  41 90 89 21 81 44 2  4  1  66 34 65 69 69 82 57
69 0  72 0  91 66 70 15 19 38 99 79 89 82 33 29 36 97 90 87 38 65 15 67 27 2  24 24 22 56 69 50 59 56 91 54 50 6  19 77 97 55 41 41 86 36 80 71 61 89 92 33 46 97 66 8  55 64 53 95 94 44 67 62 35 9  8  32
52 87 18 46 91 4  58 76 41 20 45 69 83 52 58 76 9  26 84 92 38 29 68 89 29 10 24 76 83 6  44 36 44 21 21 25 85 7  57 79 42 82 69 63 37 2  37 94 18 94 57 82 69 48 44 27 0  88 34 86 73 97 44 62 15 40 30 61 7 
97 26 44 34 62 47 43 40 81 75 86 23 12 6  31 8  10 48 75 99 9  8  34 85 83 81 30 97 82 4  11 12 54 39 80 87 68 69 32 25 73 5  23 14 95 55 74 91 39 71 17 9  26 15 91 49 80 56 19 65 8  60 62 78 42 2  10 42 59 38
48 46 74 72 50 72 40 41 57 87 47 51 57 12 74 60 38 68 14 33 73 60 46 53 42 36 32 36 0  69 88 55 79 42 60 52 75 53 55 17 42 71 53 48 82 38 39 4  73 32 83 14 19 20 89 52 53 60 74 69 20 95 58 17 9  51 6  13 12 2  2 
55 37 71 93 88 8  86 11 35 72 47 87 57 20 67 86 85 54 75 83 16 70 78 76 87 93 64 86 0  15 24 0  79 82 11 91 65 29 45 55 54 0  96 96 17 73 51 30 25 74 3  84 16 69 67 4  99 46 21 37 7  37 70 90 16 22 9  0  28 46 45 34
96 94 6  89 34 14 89 6  19 58 97 77 6  94 67 21 86 48 21 70 52 99 41 31 87 67 27 43 88 30 81 87 13 0  62 99 31 25 27 54 33 85 30 22 38 56 54 19 25 86 80 12 65 65 95 29 38 84 72 6  17 1  38 32 20 54 77 17 32 80 69 25 72
44 61 13 2  7  46 46 71 89 31 81 9  39 12 42 92 68 43 82 46 51 89 78 64 14 12 15 18 82 79 65 79 37 7  61 29 22 85 25 11 58 96 45 34 78 73 30 78 24 65 21 57 28 10 48 18 75 77 18 35 19 83 0  94 25 50 0  31 66 73 51 17 93 98
80 52 59 23 48 89 36 53 85 97 22 27 38 90 24 51 5  39 64 60 32 45 72 41 25 72 17 60 82 73 0  79 72 74 97 65 93 52 97 28 78 34 47 91 34 54 48 16 66 57 41 32 15 24 22 39 79 48 85 51 3  47 73 22 5  30 32 70 25 63 10 85 79 0  13
32 79 44 58 83 42 8  14 37 8  69 74 99 84 42 33 56 63 25 95 94 55 14 19 2  86 11 31 77 99 5  45 68 85 8  92 74 95 20 0  53 0  65 60 3  64 55 11 57 87 54 65 55 15 81 3  55 57 1  97 41 70 78 6  8  12 39 20 54 11 49 46 2  83 90 65
35 54 88 21 54 99 73 13 6  6  81 44 56 22 4  15 73 40 40 70 40 40 63 21 63 11 68 40 46 85 1  82 65 42 83 70 50 65 76 36 33 24 72 65 20 34 61 97 48 66 97 24 3  30 55 90 1  68 62 84 18 79 55 76 78 38 3  83 58 27 4  95 75 22 5  93 16
91 66 12 64 61 39 11 87 50 57 37 76 7  4  65 11 61 0  66 5  57 12 62 60 81 63 63 62 47 94 28 70 85 4  78 54 10 11 70 34 79 85 22 11 20 16 84 82 89 85 93 75 2  96 26 5  63 17 31 66 28 67 87 59 23 75 3  29 41 9  59 74 6  41 17 78 14 84
90 23 47 26 17 78 10 11 18 24 0  84 47 16 77 76 4  87 13 75 66 94 16 40 64 81 78 98 40 54 82 73 43 42 80 41 33 53 57 35 17 34 53 53 85 3  34 96 38 91 99 42 6  4  64 80 98 89 35 32 83 98 59 68 84 71 22 90 65 94 4  88 43 44 8  57 80 44 14
86 69 47 97 89 32 98 92 73 60 99 48 20 1  18 78 22 57 60 22 15 82 3  71 95 19 57 41 20 29 92 17 91 39 29 14 96 77 28 56 31 95 19 86 8  37 87 74 38 2  44 75 1  26 60 60 37 63 57 89 26 97 74 87 62 56 38 77 58 58 85 39 37 22 91 97 34 4  20 58
74 3  44 73 41 29 86 97 68 98 14 0  50 81 57 58 95 10 73 58 22 9  8  13 2  5  60 2  92 47 30 79 59 89 56 11 60 28 62 90 86 81 62 39 94 89 36 0  96 7  52 0  12 44 23 72 76 7  49 68 68 51 26 47 42 72 69 35 21 80 27 43 49 61 30 36 31 30 35 31 55
16 17 14 72 44 11 7  88 92 7  23 11 46 24 77 67 47 54 12 34 73 58 88 2  5  9  0  56 22 61 13 47 18 11 85 27 28 43 72 37 17 39 10 0  27 61 30 53 65 43 96 0  43 21 95 0  31 63 33 51 18 63 76 48 14 37 77 60 84 73 85 97 73 87 37 16 43 89 41 91 82 95
66 41 95 98 19 29 65 4  9  50 4  97 59 70 38 11 34 66 50 48 0  71 16 84 62 16 95 74 36 42 72 30 13 41 9  83 54 51 58 95 96 79 31 54 70 77 74 5  65 88 39 82 11 53 17 33 50 86 50 93 59 91 67 87 7  39 87 47 59 77 33 75 80 49 66 7  34 53 66 64 35 24 0 
82 18 60 42 5  86 45 44 93 49 46 63 16 98 87 8  98 43 0  55 73 80 85 93 89 70 37 12 95 78 75 4  69 46 87 51 6  31 95 31 65 93 46 75 36 7  16 8  63 13 8  23 72 34 80 29 89 52 61 47 7  30 60 60 75 37 48 31 6  9  13 55 26 18 27 26 36 86 69 15 97 49 35 82
35 96 76 51 85 95 4  7  90 71 63 12 80 25 45 35 20 2  16 63 24 95 16 63 92 25 49 15 60 20 28 83 60 90 9  95 59 38 89 75 77 71 73 73 42 37 39 0  18 56 59 44 18 65 67 47 27 89 58 83 51 63 19 56 98 23 30 88 11 90 39 62 15 49 73 41 20 28 80 77 75 14 86 7  94
39 60 17 24 0  58 97 37 45 80 97 83 48 91 14 13 82 82 89 35 56 83 6  84 59 5  55 43 93 17 73 61 7  92 44 33 16 44 33 35 14 78 63 95 35 0  24 65 20 49 61 27 76 86 66 89 39 34 95 97 69 22 85 36 87 47 20 68 19 26 80 52 64 55 38 11 83 12 10 72 98 77 72 38 9  81
8  30 35 32 45 89 91 2  20 42 9  78 20 34 44 38 2  33 88 26 97 33 32 92 94 0  98 9  93 98 90 25 86 88 37 2  5  99 73 41 83 46 46 63 89 27 32 77 45 16 27 99 21 97 95 22 39 14 47 30 58 95 51 14 82 47 50 10 82 67 99 86 6  71 84 90 46 27 40 96 24 75 4  30 6  4  94
72 57 68 43 57 43 57 93 0  17 67 15 72 52 38 40 4  38 63 61 76 1  15 88 67 69 0  92 4  70 94 7  63 51 75 67 94 3  38 11 92 4  34 98 20 64 75 8  74 11 89 30 87 20 14 39 42 82 54 28 53 14 19 89 29 5  5  60 17 58 49 32 67 73 75 82 36 74 17 47 57 24 88 38 27 20 8  26
24 47 44 37 96 64 87 17 50 19 34 29 47 24 42 26 96 92 79 90 17 7  59 43 26 19 25 25 53 97 36 58 21 52 95 98 49 77 99 78 20 86 83 2  81 61 76 67 70 59 65 0  1  92 14 61 36 15 57 31 29 90 57 91 76 14 58 80 76 40 69 29 13 81 33 11 89 88 36 63 62 17 60 46 72 33 43 30 90
59 22 79 68 61 10 5  84 4  57 70 16 1  72 3  75 69 22 41 94 66 26 89 49 24 42 34 91 72 51 79 92 56 65 73 14 54 65 21 39 50 64 70 33 94 99 52 42 90 80 45 88 4  6  34 35 82 72 20 15 44 98 89 35 9  87 94 29 0  35 27 64 26 10 37 80 77 5  30 59 32 13 58 69 61 45 49 28 48 55
61 82 5  6  47 6  47 93 88 96 90 86 68 98 73 62 65 11 74 87 44 93 70 81 19 84 81 73 96 7  36 13 31 7  38 81 9  67 26 17 74 70 24 82 41 98 1  36 97 95 95 47 42 83 87 44 1  77 56 65 32 54 47 45 62 60 28 42 56 59 11 23 74 61 97 36 37 32 84 3  50 12 31 12 52 35 25 8  73 57 43
73 29 63 32 52 14 92 21 68 93 32 82 56 42 69 50 13 19 97 64 91 50 50 11 43 78 18 2  62 33 83 33 73 71 53 87 76 9  69 70 4  22 26 14 10 40 31 76 8  48 52 90 69 50 59 82 52 95 20 96 51 87 68 48 62 71 80 62 99 78 26 89 5  61 88 48 66 57 11 66 7  93 11 54 55 99 80 25 60 87 78 76
52 32 79 32 12 9  99 45 86 61 51 82 7  60 59 38 53 33 79 4  78 81 27 40 45 5  1  36 47 8  35 6  98 77 52 41 83 29 44 80 72 20 61 30 29 86 25 29 33 28 57 58 70 27 11 22 70 57 81 52 87 20 87 60 15 15 43 74 68 17 21 77 94 18 53 65 88 77 55 72 13 57 86 97 19 29 98 25 64 52 47 90 2 
57 37 60 66 38 61 78 65 84 31 87 77 83 44 70 5  32 27 11 97 25 72 56 0  23 19 81 60 32 8  80 52 11 38 79 23 31 60 74 27 30 20 33 29 64 20 57 34 42 46 0  41 74 52 21 99 21 72 64 64 30 86 36 35 13 70 97 86 61 61 39 26 60 28 39 95 9  0  73 32 22 90 0  20 34 31 53 58 57 0  77 72 83 65
62 86 14 39 76 61 50 16 32 31 73 5  89 60 47 59 85 79 97 88 8  58 60 89 92 31 11 88 23 20 57 74 27 25 95 5  45 96 35 38 82 80 26 84 86 58 0  89 50 29 80 70 91 18 5  83 72 75 16 44 62 74 29 50 8  41 10 95 13 95 88 36 39 95 72 35 27 84 46 82 96 10 43 58 51 25 33 29 97 94 33 52 86 61 55
1  41 16 17 46 66 4  4  53 12 53 40 59 69 37 64 58 66 97 44 61 41 29 35 87 82 71 30 99 79 74 49 62 41 49 4  84 16 9  99 54 16 97 34 82 99 31 7  43 43 74 94 65 77 27 63 34 47 38 99 95 6  80 53 38 1  49 33 3  30 24 68 18 16 28 32 92 17 7  55 83 17 99 53 34 36 60 58 74 67 44 75 62 60 64 16
78 77 82 92 58 71 67 44 2  41 9  2  0  2  10 29 99 72 80 18 86 11 35 28 51 2  56 96 11 85 13 8  59 84 31 45 62 6  34 96 11 21 33 21 17 16 63 9  37 25 86 88 12 76 54 23 65 14 16 13 92 15 28 55 52 48 29 90 12 53 59 63 94 25 2  58 80 70 39 60 32 7  92 86 27 46 23 89 83 33 20 70 78 54 29 81 22
