24
43
43 83
25 82 74
41 77 99 48
44 66 38 31 86
84 45 85 41 52 38
44 11 21 20 8  2  87
47 31 91 29 67 91 4  0 
2  10 13 63 31 26 28 29 85
81 81 26 86 58 22 76 62 42 36
40 94 19 16 66 85 30 72 68 8  18
16 45 64 89 63 59 28 78 60 56 1  18
96 99 53 54 57 29 62 15 48 34 38 94 2 
33 99 74 98 8  75 44 73 49 10 24 66 92 23
33 74 64 76 68 18 19 0  66 70 98 63 19 17 96
56 5  14 8  54 78 74 38 25 64 87 59 5  44 70 10
70 75 95 2  20 99 85 16 90 60 88 92 0  15 21 8  42
96 99 51 59 39 41 26 57 6  28 52 96 12 35 88 13 44 72
52 61 96 13 38 37 94 74 96 53 52 10 47 69 19 1  32 97 7 
6  24 63 13 85 93 72 74 49 7  48 11 93 99 56 5  10 69 18 70
73 77 41 79 77 94 60 18 8  36 53 65 27 22 46 59 30 23 27 67 0 
5  61 87 39 2  55 22 71 68 80 67 28 47 61 81 17 94 41 88 47 4  41
81 11 78 54 43 4  84 2  69 84 75 62 61 48 78 27 54 1  0  86 14 88 78
49 48 30 88 82 6  47 75 21 36 72 0  45 71 30 15 90 48 3  94 83 66 98 87
