66
93
7  5 
58 34 42
76 93 90 98
40 39 60 27 70
34 48 99 17 68 55
88 11 44 7  76 89 67
19 9  44 88 55 58 52 50
40 93 39 5  73 78 30 44 89
54 43 62 12 33 30 34 84 27 3 
54 2  10 82 25 73 71 13 65 68 6 
57 85 67 5  66 61 27 31 53 64 49 60
91 71 10 0  32 87 26 21 47 57 34 38 26
74 92 78 12 40 14 49 95 79 93 62 22 23 17
30 75 85 40 14 96 76 10 58 27 86 47 30 64 50
1  39 32 34 75 70 87 28 57 6  78 25 9  77 29 55
41 53 95 28 65 66 79 62 75 28 52 90 43 87 46 93 84
47 53 83 93 88 86 36 65 67 34 2  64 10 6  76 71 95 98
26 24 12 61 40 27 7  19 22 16 58 92 54 36 98 59 59 98 51
46 46 33 12 39 41 82 66 99 7  69 51 85 31 98 24 24 62 57 23
49 94 76 51 7  32 63 0  32 84 88 84 56 47 79 14 62 13 41 15 83
68 38 86 51 52 14 11 5  78 93 3  96 9  77 17 59 36 0  75 61 16 10
97 69 96 19 38 44 41 52 31 28 3  93 63 93 44 24 75 38 4  46 13 94 81
88 55 82 79 79 3  98 33 0  59 90 98 3  86 43 66 96 94 79 39 50 54 94 54
71 74 5  57 61 50 74 77 13 40 7  17 46 39 83 31 64 69 60 26 56 76 81 24 70
22 35 52 35 63 79 98 73 20 56 48 32 13 8  38 51 62 31 69 10 21 51 25 0  51 20
85 42 61 41 54 72 45 26 93 29 55 40 33 20 34 83 69 87 81 89 93 6  29 77 95 34 3 
52 93 82 88 88 34 92 48 93 4  22 27 0  45 9  54 81 14 66 37 10 24 28 30 95 37 57 81
99 5  53 68 86 8  94 46 13 55 70 77 59 20 21 87 76 83 57 89 82 30 43 84 49 97 92 61 41
78 53 6  90 25 22 40 73 88 78 98 33 84 69 26 56 0  75 60 19 52 66 57 82 25 92 15 64 46 26
13 57 55 48 27 52 36 53 8  88 83 71 43 78 28 86 5  54 86 28 75 62 86 55 52 91 17 25 85 26 30
54 48 72 24 88 25 36 72 49 64 72 43 10 14 49 84 91 13 67 61 81 35 30 23 5  73 53 32 79 62 1  26
51 97 41 39 58 3  51 18 7  74 48 52 73 15 24 77 86 99 7  93 66 47 1  31 15 18 75 37 72 67 11 66 67
40 37 99 74 36 70 75 76 33 34 91 15 35 47 30 37 69 47 37 83 46 0  81 24 0  75 68 88 11 31 55 45 13 79
8  11 5  39 65 93 63 82 52 48 45 93 9  66 85 83 83 38 90 12 11 43 68 44 79 89 55 94 16 2  69 19 1  33 63
57 59 57 39 78 45 23 8  95 64 98 85 19 1  67 95 18 56 89 24 74 70 48 68 4  17 5  5  6  29 48 64 87 84 94 40
10 79 91 39 6  39 75 53 70 87 93 45 90 57 99 69 34 76 3  3  19 79 34 81 3  23 7  86 19 80 97 38 21 8  62 25 51
20 13 12 61 8  66 56 1  50 67 56 32 8  52 55 65 73 52 52 38 16 38 90 77 3  5  55 56 4  46 70 75 27 71 6  63 62 71
0  64 7  59 62 3  13 66 13 73 10 47 73 63 81 74 85 94 21 31 47 48 74 71 17 47 62 42 2  20 67 10 68 50 69 11 82 36 84
64 13 46 93 38 6  53 20 57 24 26 51 93 0  72 33 19 9  74 83 91 71 61 5  95 99 73 67 70 4  18 35 20 51 20 11 39 8  57 75
33 81 74 15 77 41 30 71 26 45 42 29 84 63 58 69 72 11 21 61 43 62 61 17 92 0  26 23 1  32 75 91 54 43 99 89 98 44 1  58 73
87 4  97 73 35 85 47 24 11 7  3  46 7  4  61 44 29 83 26 13 95 28 93 35 70 42 25 4  74 16 30 28 32 26 80 91 92 74 20 11 58 38
27 67 46 24 29 16 52 21 98 52 61 38 19 26 72 58 25 38 49 75 15 85 45 97 47 8  6  22 27 58 15 95 80 3  95 77 2  28 85 63 32 14 38
46 91 38 17 83 9  34 92 73 15 21 21 71 62 72 58 52 91 38 0  96 57 48 13 39 46 51 10 4  18 34 19 27 95 57 25 40 79 57 88 19 63 40 44
87 93 49 74 9  77 72 2  8  78 23 24 73 53 99 95 68 79 74 74 98 91 52 81 6  4  20 43 67 90 23 52 69 26 39 70 13 24 70 98 5  33 75 91 64
72 78 79 4  71 15 2  32 15 92 33 9  8  38 39 64 99 99 35 30 30 36 57 6  83 13 80 12 92 4  48 24 28 23 57 32 14 40 7  99 45 56 6  99 5  35
55 66 68 96 29 45 29 70 96 10 66 33 14 77 67 70 64 66 9  81 49 59 3  65 42 26 28 78 2  13 40 47 81 28 41 76 61 46 25 12 42 51 27 82 8  22 62
98 75 87 15 53 68 22 35 78 3  74 29 5  70 6  76 2  52 42 58 11 1  16 93 99 61 16 51 12 18 37 20 48 2  38 66 24 10 42 6  1  8  10 97 54 89 92 73
89 49 87 5  82 62 4  53 57 41 3  70 61 87 95 99 92 1  76 82 9  41 5  89 93 57 69 52 53 25 50 8  13 21 83 98 58 4  88 36 83 10 34 9  26 90 25 18 85
5  85 97 40 74 46 5  79 27 24 37 73 55 47 52 94 52 54 79 7  47 79 88 46 61 11 61 96 34 59 98 68 83 69 9  65 84 66 25 23 31 85 75 99 2  28 2  39 29 58
24 93 59 84 50 1  26 68 43 21 41 64 51 52 43 28 35 78 26 75 12 99 15 84 96 70 69 44 30 5  97 17 11 17 57 89 8  79 12 67 17 35 65 52 80 23 66 45 93 28 82
92 67 26 12 30 27 79 68 0  73 52 18 65 3  84 16 12 67 67 15 52 73 73 64 99 10 70 80 98 54 82 47 54 49 12 65 59 3  47 96 15 17 56 21 57 59 83 63 81 8  57 72
38 47 47 88 9  52 63 86 18 78 98 39 86 73 87 28 16 93 99 56 33 57 39 2  59 8  94 70 54 4  86 81 85 15 63 44 78 90 24 63 74 52 36 0  0  1  9  46 72 80 11 71 68
23 90 35 72 78 23 64 56 14 12 95 37 2  78 47 39 11 74 88 23 81 41 28 62 72 79 31 85 64 21 52 74 52 93 60 8  80 59 6  39 48 97 9  86 6  8  69 75 86 7  93 64 12 42
6  25 20 2  68 37 43 88 53 53 97 55 17 71 23 91 23 9  64 18 79 89 7  0  53 67 61 36 64 61 93 31 76 93 87 22 42 30 72 10 6  98 5  1  10 22 46 61 2  51 80 91 26 89 62
46 60 23 73 54 0  77 99 1  73 64 48 58 57 66 41 23 38 89 35 53 4  82 16 84 58 64 45 95 36 49 23 25 77 49 91 4  40 5  79 10 45 8  1  18 34 98 48 71 59 66 76 17 16 34 95
51 24 80 85 67 52 75 11 37 15 27 74 34 64 13 46 81 58 55 63 14 11 24 68 76 66 21 98 21 37 60 7  94 92 62 57 10 13 13 67 60 78 25 31 93 79 41 13 62 89 25 50 62 24 34 61 42
27 88 15 75 33 20 87 31 93 98 91 28 3  88 3  40 14 84 88 16 24 51 56 10 17 66 65 99 76 2  29 15 70 35 39 5  18 12 36 70 22 95 15 63 68 56 29 7  52 65 42 48 97 50 64 63 10 98
10 42 68 78 41 97 32 7  70 79 79 5  34 8  90 83 5  34 35 94 45 85 98 46 17 12 15 99 47 38 40 79 70 41 86 35 13 23 32 32 48 45 32 65 62 59 35 28 95 34 59 61 85 32 68 72 60 76 32
18 5  96 64 27 54 22 17 56 8  24 99 35 26 32 24 16 59 63 58 48 42 9  94 10 10 51 42 0  96 96 79 23 78 58 27 48 60 50 92 26 18 94 74 37 77 67 34 41 60 3  43 57 54 68 31 72 12 12 37
14 52 27 74 50 99 39 18 46 61 78 19 89 76 95 68 31 42 6  70 27 57 71 14 3  79 94 92 49 37 52 29 80 54 63 16 43 33 25 43 14 93 16 85 23 54 66 70 93 47 3  23 32 14 69 16 14 46 89 94 79
22 21 22 9  95 75 82 70 4  55 75 35 9  14 32 85 54 66 4  92 36 62 47 33 75 7  82 8  25 67 34 61 32 83 48 96 80 60 89 85 47 48 90 20 6  14 45 61 21 90 57 77 41 12 95 40 10 8  34 93 4  36
88 97 28 65 91 4  48 27 15 4  81 25 70 24 40 22 35 8  8  75 67 41 37 14 84 86 41 92 35 81 47 46 20 90 8  16 10 91 63 99 65 93 14 28 48 86 3  30 84 85 61 73 56 16 50 99 52 12 56 68 74 79 5 
95 31 39 5  40 93 88 52 38 67 33 97 56 26 61 28 66 42 30 81 14 78 63 22 43 12 86 37 76 96 51 17 90 98 53 34 42 57 47 94 23 81 77 69 16 14 84 82 10 75 17 59 97 53 48 24 99 83 67 10 1  22 91 66
9  37 19 12 64 48 53 18 18 63 62 11 65 43 14 82 12 91 62 80 51 86 59 23 42 14 37 87 70 99 11 98 2  32 77 53 63 99 99 80 77 29 90 40 91 51 72 97 60 68 62 91 60 23 56 81 19 29 77 46 37 82 97 30 64
82 37 81 1  96 69 61 71 9  21 61 46 9  27 11 51 2  76 51 9  42 72 94 82 9  26 65 67 62 1  22 31 46 90 48 17 17 55 95 25 99 35 94 37 46 50 18 50 65 2  93 23 33 4  62 64 24 98 11 56 12 4  42 26 66 50
