79
54
91 40
62 38 4 
63 87 3  4 
28 70 10 63 18
85 15 2  68 40 55
71 98 53 12 63 14 38
91 30 18 18 51 65 83 76
25 72 73 23 37 88 12 35 79
12 55 35 70 28 52 50 73 38 39
16 10 93 55 16 7  51 91 83 23 21
48 6  91 71 73 94 75 47 77 74 79 82
84 16 4  3  93 79 80 52 79 20 33 17 94
38 71 95 76 9  27 0  93 23 57 84 92 98 99
76 76 1  92 73 53 83 97 42 47 59 73 23 69 88
85 15 27 96 22 24 58 55 87 37 47 13 38 36 82 1 
37 85 43 88 5  62 93 1  22 26 67 46 50 10 81 32 30
25 91 15 86 19 26 61 48 1  12 58 33 91 29 92 94 32 37
64 52 13 30 80 32 5  37 83 55 89 91 37 84 68 81 67 21 36
99 81 49 51 0  43 30 15 11 17 90 43 36 62 49 75 24 23 98 84
28 43 86 83 70 64 87 17 4  9  62 80 81 61 91 55 83 20 99 52 22
12 43 65 47 17 29 91 76 18 99 98 86 81 88 33 33 97 55 79 70 44 94
73 66 67 84 72 63 13 50 69 95 46 14 51 69 50 18 77 34 90 94 35 56 56
32 14 0  5  16 50 9  69 68 24 52 44 43 70 66 21 38 50 7  45 16 22 45 94
44 18 50 73 10 1  16 45 5  31 79 58 53 62 27 54 52 79 19 56 52 31 81 17 90
85 72 29 90 92 55 67 21 22 51 46 92 77 43 79 43 33 87 7  36 25 52 30 19 79 4 
84 91 70 61 39 27 6  88 88 83 95 59 23 43 11 12 7  33 38 21 12 5  13 62 66 77 55
99 86 15 16 57 47 26 5  39 40 34 63 58 92 28 13 44 74 66 46 7  65 95 32 21 17 65 79
93 42 35 6  98 0  62 61 68 36 27 96 46 62 95 64 16 55 85 71 30 96 86 13 82 98 67 58 43
76 94 16 72 82 30 11 46 22 12 81 38 56 10 40 94 0  86 96 39 39 0  56 23 71 89 66 50 40 32
30 97 88 24 35 16 21 53 72 96 27 81 17 27 12 16 35 23 77 41 92 16 12 49 54 37 39 24 9  78 6 
32 85 62 81 34 3  26 17 77 77 90 10 45 36 89 10 20 38 48 74 81 92 23 21 12 60 28 12 17 35 68 43
43 45 40 22 69 47 27 63 8  10 18 54 8  4  18 72 79 78 10 69 16 36 56 23 20 81 64 87 81 64 98 90 27
24 63 94 50 3  69 0  94 85 96 87 96 9  49 28 11 16 36 19 95 79 95 4  73 45 20 67 64 23 88 29 49 54 88
51 93 6  82 53 28 10 87 79 32 38 91 70 96 9  54 38 83 52 47 85 20 0  66 41 19 46 6  29 41 20 78 25 60 60
43 5  9  61 34 6  33 73 16 45 55 90 54 40 46 68 14 81 72 54 87 14 99 71 65 21 63 94 18 87 61 89 51 51 42 4 
94 13 22 2  13 65 79 41 77 16 2  41 93 38 51 35 0  26 42 0  70 28 66 77 86 94 75 64 38 24 95 11 91 32 93 18 48
24 94 3  79 98 79 80 54 38 66 85 71 1  52 73 39 93 69 66 12 45 49 73 35 55 52 18 4  32 89 42 47 45 55 90 54 15 58
71 29 20 45 42 48 3  42 25 93 46 41 9  62 69 63 34 52 33 80 43 18 58 26 69 78 99 63 9  21 9  4  83 46 85 7  40 50 72
66 27 33 68 61 24 85 36 1  76 61 90 27 74 62 39 40 97 95 87 90 16 87 93 46 87 71 12 86 30 75 25 10 21 32 83 70 64 88 33
49 47 24 99 62 73 23 1  25 91 76 84 16 14 14 30 19 69 42 7  3  57 72 0  45 25 60 0  21 43 9  32 52 32 23 15 4  36 11 99 91
25 48 48 60 0  13 14 78 76 95 72 81 84 49 58 89 53 90 29 71 17 17 57 26 39 86 64 24 28 27 41 14 25 34 79 68 58 8  78 4  20 5 
73 44 12 87 85 16 63 21 42 42 17 94 70 9  15 95 5  33 4  46 16 23 80 37 60 12 96 61 20 39 74 31 83 16 21 36 21 76 54 47 55 7  26
2  92 41 46 92 88 96 35 57 70 71 90 37 79 94 55 46 3  17 23 29 45 35 58 31 96 19 8  58 97 10 83 34 28 94 22 98 46 23 70 71 97 9  72
49 29 7  33 97 61 55 5  4  69 97 85 86 42 35 30 97 50 80 32 46 33 40 31 5  22 13 51 44 12 68 67 58 66 16 85 14 17 64 45 77 55 18 56 23
60 77 36 4  33 81 90 61 58 9  72 7  24 99 72 74 75 65 13 34 81 0  7  46 24 75 27 4  77 40 12 1  39 97 90 41 31 25 99 43 9  0  19 83 39 28
84 58 37 51 51 66 39 91 49 34 37 21 95 28 1  58 5  93 3  35 58 99 22 41 90 3  68 34 14 4  88 32 90 92 65 87 5  19 80 79 39 24 98 9  35 30 55
18 54 95 35 50 20 13 23 97 78 15 97 64 51 92 31 86 15 7  66 25 14 14 92 13 13 37 87 83 10 12 96 74 51 61 20 91 7  75 78 41 50 26 67 98 17 96 29
68 15 69 7  87 44 89 54 76 81 11 71 28 20 19 76 45 51 69 0  53 39 43 43 77 7  0  9  4  88 52 8  93 96 29 7  41 38 61 97 45 39 44 45 11 7  68 37 89
8  91 3  84 89 78 52 7  36 3  36 95 65 37 4  46 70 37 59 5  64 78 85 63 87 1  34 50 98 55 77 2  57 26 36 51 57 43 40 79 64 51 63 1  83 68 50 57 79 91
46 12 30 50 53 82 99 4  21 87 82 86 18 62 95 48 55 83 28 78 35 75 52 36 3  22 9  38 40 38 72 10 99 50 86 78 1  73 63 62 28 67 64 42 89 27 46 91 20 42 71
21 58 54 99 43 15 58 58 86 54 41 47 6  31 42 89 46 99 47 75 33 27 51 33 76 31 7  35 39 46 5  14 54 81 35 81 69 32 27 50 77 45 80 16 43 72 54 49 29 55 76 93
2  79 29 12 26 72 70 89 94 25 91 64 31 7  86 31 79 0  88 31 34 15 65 19 48 54 42 75 17 99 34 0  15 84 98 84 45 7  73 77 70 65 76 67 42 67 10 71 80 73 20 7  75
17 11 41 76 68 73 43 67 90 82 15 20 59 36 21 58 58 59 71 15 52 88 25 97 12 34 80 25 27 39 80 62 55 71 43 42 92 23 55 79 50 56 41 39 35 39 93 73 75 12 23 9  86 43
58 85 31 10 73 68 0  93 9  98 20 28 21 70 71 71 47 87 13 68 95 73 85 45 62 28 59 53 4  51 93 22 79 12 33 23 49 46 19 95 58 53 22 29 97 85 47 11 55 77 68 70 60 72 56
35 93 92 0  46 33 5  78 58 66 11 55 7  9  7  72 52 0  8  53 3  68 53 41 99 20 87 85 43 47 91 96 66 78 47 37 4  34 4  36 8  19 1  97 40 30 25 56 30 45 54 89 25 33 45 72
45 34 59 46 36 76 89 0  9  50 64 30 68 14 11 29 66 20 13 35 77 45 69 79 7  8  93 98 9  15 92 0  64 11 89 60 99 76 2  11 22 24 16 36 54 75 30 50 61 13 39 24 81 71 89 12 5 
80 39 79 71 88 13 97 63 6  69 85 97 20 79 23 70 30 30 26 84 28 74 1  53 75 59 17 13 55 37 0  83 74 15 16 21 50 30 14 36 86 59 25 21 84 88 71 12 2  13 9  55 89 0  24 6  19 22
3  38 43 63 6  22 50 96 43 85 96 63 66 20 2  64 53 10 28 42 3  19 68 96 55 86 68 43 17 41 42 22 95 14 91 20 47 88 32 8  82 55 40 46 22 56 51 86 11 61 47 54 89 61 65 59 2  94 3 
98 27 50 74 64 28 23 96 5  64 84 33 32 82 2  61 14 98 31 1  3  48 14 54 74 78 48 71 78 42 13 51 46 10 52 52 24 66 57 57 18 82 18 9  60 4  24 50 44 89 76 57 87 96 53 54 98 24 97 30
12 79 72 53 36 22 0  87 41 85 87 36 19 58 87 91 37 47 76 55 67 40 66 22 6  48 35 35 80 17 33 83 87 41 9  51 21 62 91 64 93 12 2  94 16 7  3  22 88 74 72 22 11 69 19 90 47 32 95 92 92
42 78 34 53 6  95 77 49 69 72 99 85 77 22 72 8  65 79 47 67 96 12 4  42 6  32 48 28 32 29 5  93 73 67 47 10 46 43 7  13 0  49 21 52 87 71 42 47 26 77 31 92 79 32 2  47 38 35 72 48 65 6 
56 94 20 67 59 98 69 47 24 95 18 31 9  35 54 45 7  98 84 89 43 16 4  7  40 26 17 9  55 81 30 87 13 49 9  7  46 38 48 20 87 10 80 53 89 74 72 97 2  82 45 18 2  76 15 6  77 7  88 30 74 68 56
44 14 14 26 62 95 22 58 35 63 98 7  29 15 74 60 97 19 17 8  32 73 5  39 40 12 92 99 4  39 47 91 21 51 46 78 18 5  52 89 30 86 47 51 64 63 90 0  51 37 12 62 29 64 10 53 98 43 67 72 41 26 88 80
82 96 71 77 67 4  73 88 48 99 12 86 88 62 92 33 33 75 56 98 97 8  81 43 98 5  74 35 17 54 51 60 86 63 17 66 36 92 47 91 8  15 25 96 85 29 50 32 47 26 37 30 23 47 86 8  42 76 92 86 95 79 27 96 29
85 74 14 61 28 30 91 47 34 58 14 58 51 64 45 99 17 22 21 8  21 84 7  56 18 69 34 91 68 76 24 5  77 23 13 53 21 96 84 47 90 31 96 33 77 54 87 46 80 34 32 25 26 51 84 10 83 24 45 78 78 35 13 31 42 23
72 46 67 33 54 71 10 12 7  89 32 17 41 53 84 60 64 99 1  31 8  95 47 87 38 36 26 61 68 42 8  34 17 25 9  69 17 64 94 97 67 90 76 67 3  14 12 37 15 62 44 82 0  33 95 29 51 94 37 13 26 88 46 51 59 80 14
97 89 75 23 69 11 2  90 5  80 71 71 51 61 73 78 79 98 5  75 56 66 17 82 2  2  39 51 10 60 11 53 52 83 17 33 47 83 92 80 68 58 29 72 37 23 97 28 92 40 59 26 7  11 57 6  97 12 73 67 57 68 24 65 49 46 13 43
4  26 37 79 60 61 30 64 53 40 78 68 52 92 11 68 86 10 0  0  76 90 24 53 60 37 39 26 76 23 37 84 71 25 90 37 15 83 99 9  37 46 9  89 48 75 63 69 59 5  67 83 94 12 35 19 66 86 12 56 26 71 96 80 29 58 94 30 18
36 69 86 4  23 0  12 40 31 48 35 39 54 10 98 94 91 56 61 33 33 21 50 48 93 81 93 16 58 61 2  43 14 31 64 16 12 56 96 32 31 75 94 39 18 89 28 90 10 67 32 9  48 47 64 50 58 33 25 84 37 34 52 1  96 32 42 52 64 35
10 98 33 96 64 48 64 0  91 67 23 56 18 68 70 2  83 11 14 30 48 35 97 15 12 87 46 8  25 87 27 81 86 13 17 83 69 58 89 34 3  44 4  77 67 73 7  75 59 5  29 8  40 20 91 39 42 67 29 73 58 68 58 55 83 48 68 3  0  18 65
46 53 82 2  52 5  80 98 61 16 48 6  8  27 90 68 84 80 40 54 39 69 54 48 25 43 21 66 70 82 75 1  62 26 53 60 22 99 44 60 13 37 50 80 93 56 22 86 53 64 31 63 96 56 98 17 84 36 15 55 94 29 75 17 79 3  43 94 75 89 97 10
59 8  92 50 24 45 91 33 31 63 5  8  72 55 13 39 19 92 53 81 98 88 66 99 63 82 45 25 91 2  55 39 64 38 28 96 29 59 28 13 29 63 45 95 66 43 45 30 98 13 79 45 76 66 6  46 91 26 80 43 60 79 20 92 11 25 15 44 8  29 76 60 31
36 17 99 73 15 22 84 85 4  75 75 40 29 32 23 23 40 11 13 27 99 30 90 28 96 87 85 15 41 28 8  11 2  25 4  51 72 27 65 25 57 97 54 56 94 28 19 28 98 1  80 12 17 75 50 56 69 86 78 74 90 94 76 89 54 57 60 53 74 32 73 68 80 43
21 98 4  38 39 85 52 68 60 48 14 25 71 10 42 48 19 24 65 54 23 55 14 23 62 74 95 6  75 2  90 49 98 33 34 13 67 90 51 89 80 45 37 4  86 80 10 44 81 87 24 44 78 35 53 99 48 28 79 48 8  81 71 97 33 65 85 39 55 71 20 12 22 22 33
23 29 76 26 19 31 4  38 11 44 14 64 19 87 7  10 75 21 76 80 64 5  79 92 19 72 86 24 67 50 78 19 79 75 94 72 65 65 20 35 26 36 7  39 44 81 53 90 42 95 4  17 98 37 99 7  31 96 76 3  50 77 79 48 19 94 18 30 43 91 26 45 66 25 63 6 
20 98 73 44 99 74 43 57 74 28 79 42 88 82 6  23 66 19 36 81 32 54 79 26 4  29 28 52 90 9  96 90 69 75 98 33 13 89 88 61 37 46 5  77 82 12 49 96 62 20 59 53 19 68 91 6  61 71 20 50 13 10 97 61 33 87 4  80 39 51 85 11 93 94 16 84 69
88 91 18 82 71 37 66 6  68 55 55 68 21 70 87 53 46 61 27 59 49 49 55 79 74 67 79 0  35 63 92 38 88 25 56 6  84 83 28 86 97 80 47 56 69 6  58 13 51 97 63 13 88 88 44 16 99 65 50 38 36 90 24 67 0  65 78 43 70 44 38 66 40 3  83 41 83 67
78 56 54 24 64 68 95 29 95 40 15 38 39 16 37 13 21 97 47 68 66 36 56 80 93 81 81 76 79 38 84 97 50 68 64 61 71 46 81 13 66 92 39 56 52 90 59 13 36 24 92 21 50 64 69 45 60 82 85 4  3  97 40 4  5  46 75 78 92 2  60 70 12 22 65 21 36 24 99
