76
96
80 81
13 69 4 
41 7  69 59
6  71 76 82 5 
54 94 12 22 65 19
81 89 73 79 0  89 36
73 50 91 24 91 45 47 74
53 72 89 59 23 51 29 38 35
19 4  29 83 57 5  74 15 28 73
21 46 71 99 42 27 71 28 35 6  74
21 89 52 62 14 31 15 70 3  78 25 65
20 55 13 81 87 62 45 34 28 89 91 35 15
90 65 6  96 62 30 46 81 44 83 40 39 36 78
42 32 13 66 73 36 46 13 34 67 87 31 94 70 39
9  34 55 12 16 85 57 74 0  80 68 26 55 35 14 9 
0  1  50 92 10 47 8  41 37 56 66 21 1  48 48 55 85
53 62 53 84 96 32 64 55 83 18 97 4  86 29 20 49 70 14
80 70 18 67 85 87 77 6  41 21 25 91 62 39 65 34 44 88 96
51 90 68 47 92 3  58 95 27 26 42 81 71 31 63 20 43 63 48 58
28 65 63 37 86 11 64 68 33 91 10 51 47 41 77 12 10 6  43 24 38
11 17 90 82 36 18 87 7  50 18 22 11 98 48 51 83 36 78 8  9  48 19
41 30 40 77 20 71 38 35 2  45 59 43 23 89 64 84 67 14 7  23 61 74 83
95 30 86 34 40 6  10 32 29 73 21 47 65 31 80 12 11 64 5  68 79 15 67 26
89 42 56 77 82 99 23 66 25 97 90 83 45 33 26 58 60 39 39 95 13 9  39 24 23
42 93 50 43 35 12 28 2  6  60 0  47 87 77 85 72 85 66 71 11 80 95 83 77 32 44
5  89 71 43 14 89 80 16 57 74 56 33 3  81 11 25 53 13 90 55 70 34 59 26 73 44 34
97 46 19 21 78 56 9  35 55 95 25 95 8  56 56 56 85 12 27 31 63 78 20 24 93 59 66 17
3  71 39 40 15 70 82 41 40 12 19 62 47 12 50 89 39 18 42 98 40 28 62 60 92 35 86 26 84
6  19 8  68 16 48 15 72 64 6  21 89 47 52 34 7  44 33 92 44 79 87 18 47 23 41 70 56 22 63
49 59 53 25 25 45 36 0  29 3  53 33 90 35 81 64 21 70 52 31 48 16 96 80 63 98 48 98 50 34 82
26 15 91 60 24 27 55 8  66 59 22 90 59 38 90 90 42 32 62 53 98 11 0  40 98 98 74 51 13 54 32 67
12 14 18 65 82 22 50 25 26 5  34 54 75 85 87 95 67 55 83 41 54 74 58 3  94 3  24 60 28 18 12 49 32
88 25 23 4  91 45 78 65 52 89 46 58 17 70 10 97 44 7  36 55 49 68 14 42 76 81 28 88 62 35 53 38 65 34
9  2  56 18 60 26 15 73 45 97 88 98 38 33 98 60 49 54 66 20 29 21 3  96 34 24 98 13 73 46 89 36 5  43 30
69 97 20 86 77 55 67 5  6  64 66 99 78 33 68 26 21 80 94 38 76 32 74 33 13 63 83 42 29 52 44 34 93 0  16 93
49 81 55 13 93 82 26 88 52 12 29 71 94 71 96 53 53 34 8  24 8  98 27 71 5  74 90 60 88 59 80 84 1  2  29 28 57
95 83 71 39 89 26 21 2  84 56 77 93 19 67 52 83 38 51 75 67 58 52 80 12 50 11 0  43 75 1  8  0  90 38 71 58 76 86
62 98 58 68 69 19 15 69 15 89 56 35 58 90 84 79 78 95 75 99 94 25 52 1  43 21 82 10 39 10 62 86 64 45 42 68 86 79 63
81 68 15 34 35 16 10 13 35 55 0  51 38 24 66 59 31 41 12 75 11 38 84 18 28 15 90 25 59 24 95 62 61 9  67 79 54 77 12 7 
76 61 76 78 34 18 51 85 42 57 22 62 16 36 51 3  95 8  17 60 37 48 99 37 48 44 25 74 47 27 36 74 54 54 55 92 29 93 10 94 40
91 37 97 64 99 3  81 34 76 66 55 47 75 25 97 19 71 41 14 58 59 11 50 91 57 35 25 97 47 5  75 12 93 82 95 66 26 69 56 97 74 35
11 87 40 28 84 60 54 84 7  7  23 77 99 38 37 85 94 89 12 31 0  32 64 39 60 53 35 35 61 7  29 54 74 14 34 93 3  74 16 84 54 84 26
76 33 3  43 17 15 60 22 5  73 41 77 20 3  24 41 92 96 3  75 36 5  42 90 73 76 41 75 62 91 91 64 26 33 21 8  57 7  47 46 15 15 17 14
3  26 93 86 74 35 37 65 16 89 92 15 86 33 44 40 12 47 68 97 76 50 94 83 80 73 62 98 27 70 72 18 36 62 54 50 62 95 17 69 94 11 94 75 79
29 91 65 70 86 8  42 31 0  59 85 87 86 41 36 78 83 93 14 68 47 41 40 11 97 54 96 52 26 23 23 41 53 23 20 44 37 31 45 18 84 43 21 7  54 29
69 8  27 45 57 25 88 71 61 37 39 26 94 1  34 6  99 19 71 18 41 22 73 56 13 82 24 76 27 4  73 37 56 63 17 47 17 78 4  59 55 70 81 38 76 44 5 
79 67 15 24 46 33 42 41 25 62 13 25 7  61 98 33 89 99 93 28 41 69 67 97 52 17 69 73 19 41 56 15 11 85 21 79 56 44 79 50 39 50 73 4  38 87 3  50
3  9  93 24 41 37 89 77 94 61 15 4  80 66 43 98 65 90 9  93 66 83 27 23 48 81 69 87 81 26 15 85 25 32 32 17 62 1  31 90 74 8  8  23 34 66 29 12 75
65 17 15 88 65 39 16 83 23 73 96 79 71 96 35 6  20 3  49 92 13 31 23 1  51 71 49 46 70 30 45 90 2  60 70 38 26 45 49 30 73 71 86 29 45 32 14 19 8  89
60 80 5  30 80 66 31 18 66 95 30 53 70 78 49 63 48 98 53 7  18 26 20 4  66 12 87 45 88 49 88 46 63 70 41 96 65 50 47 97 8  78 50 25 76 50 90 17 10 55 13
1  22 97 70 37 17 74 10 99 26 55 94 62 11 58 19 84 48 19 31 27 28 23 72 12 27 69 31 30 37 25 49 58 16 32 94 13 1  80 92 55 95 37 81 72 89 45 58 30 35 2  99
50 54 2  69 37 53 4  76 54 2  37 8  36 27 71 59 26 71 56 63 98 50 49 92 16 9  45 22 52 83 84 21 44 48 41 17 53 17 34 5  31 58 50 65 71 38 9  24 90 1  49 89 94
50 37 69 76 78 71 51 30 76 11 26 92 10 3  3  63 72 0  23 74 79 4  78 71 45 0  0  52 81 1  36 45 85 80 63 23 61 51 94 30 63 86 89 72 1  80 44 94 97 92 36 33 2  58
57 91 46 46 77 53 45 93 34 45 63 8  76 71 80 79 88 82 72 87 94 5  4  76 81 15 92 17 20 48 39 91 44 68 56 49 74 72 43 17 67 37 80 45 77 7  17 12 25 52 77 55 24 14 35
94 68 59 6  8  14 56 23 6  99 65 42 64 53 85 39 70 46 60 74 0  26 92 13 77 88 65 51 24 50 71 88 18 60 43 92 45 91 74 15 7  71 72 40 42 19 14 66 37 95 11 73 29 11 86 3 
73 18 49 21 10 14 80 32 97 45 41 66 10 4  99 30 49 50 56 41 52 95 66 6  63 77 61 38 79 75 69 74 6  99 49 0  1  11 82 37 64 42 95 3  11 3  21 25 16 67 93 31 79 99 84 0  4 
77 55 33 49 78 75 42 81 92 1  80 43 13 25 88 98 65 49 53 20 45 6  99 98 20 62 19 34 15 99 6  58 54 84 18 90 25 62 23 80 31 62 86 40 74 87 58 11 85 29 13 79 92 39 30 48 38 83
45 12 64 81 83 29 64 30 19 63 8  44 8  66 41 33 19 53 99 37 33 23 51 57 76 31 79 96 4  90 74 56 5  9  22 73 96 83 9  65 67 85 63 81 73 65 33 58 47 68 10 52 70 78 68 65 54 47 46
7  40 57 62 5  42 72 83 13 61 3  14 68 27 99 11 94 8  14 62 82 21 76 67 37 54 94 0  95 38 78 74 63 16 16 21 88 29 87 22 77 81 13 48 78 17 33 20 53 1  90 90 29 59 42 5  63 69 1  96
76 35 75 44 8  9  82 47 2  90 94 65 64 9  1  68 88 10 95 89 47 31 24 98 76 78 61 89 13 39 40 11 30 94 72 2  7  98 81 91 4  23 0  97 89 48 71 64 71 27 59 83 94 51 61 97 0  19 14 89 9 
53 30 44 40 9  62 65 43 98 24 16 58 40 52 26 98 89 68 40 26 22 66 27 12 46 18 96 68 46 25 95 33 35 89 23 54 63 13 39 81 25 62 28 10 80 12 70 23 55 8  91 46 92 21 71 87 89 11 50 84 32 66
49 13 88 49 75 98 52 53 65 76 83 2  77 87 32 19 87 58 46 70 77 69 72 74 28 28 45 84 55 81 23 5  32 86 34 72 47 35 50 64 54 50 59 78 89 96 77 85 85 78 8  75 25 95 34 75 39 12 99 30 49 62 49
0  34 53 8  72 74 61 69 24 38 18 76 17 28 53 2  14 67 48 80 32 58 36 84 73 36 1  51 98 98 46 79 37 52 49 61 44 90 12 42 84 41 82 5  89 23 53 66 86 77 35 45 69 98 3  2  6  12 52 83 58 59 80 58
89 88 85 74 30 39 94 23 39 86 21 18 58 39 63 73 87 95 65 80 75 71 7  5  61 50 30 20 30 83 0  19 62 86 86 71 23 65 29 21 70 58 92 89 84 38 38 24 87 9  73 7  17 41 69 10 69 53 97 32 44 60 28 43 87
99 97 16 84 81 67 98 11 45 75 95 86 51 33 10 95 2  98 7  89 17 28 47 81 27 5  89 87 16 51 82 70 83 15 74 70 62 18 94 87 56 58 45 42 44 48 5  38 61 56 36 37 1  44 16 24 97 28 88 84 22 11 18 85 95 46
78 65 63 44 42 59 1  38 38 56 99 16 14 65 5  35 29 15 96 45 73 90 32 85 99 65 50 1  85 1  56 96 84 26 99 97 81 88 85 79 75 23 47 94 87 41 51 62 35 57 41 21 10 97 38 92 28 4  77 86 79 2  20 30 86 58 36
84 9  83 52 40 64 14 38 2  34 79 94 55 19 84 11 59 64 72 87 72 49 96 98 94 12 30 85 72 86 32 36 34 91 61 55 25 45 37 69 31 8  37 22 34 5  34 64 30 55 71 29 30 35 29 81 58 52 17 40 41 75 79 3  75 38 7  85
11 76 78 36 53 5  15 10 70 63 9  21 16 74 23 67 95 55 73 2  46 17 18 75 36 44 99 94 66 14 52 52 3  68 42 59 97 32 17 77 7  14 98 82 53 92 37 10 73 0  10 5  65 14 96 15 48 21 53 62 27 78 15 1  36 43 76 79 67
3  91 93 65 2  85 25 7  81 21 5  46 32 39 91 57 54 8  4  54 91 99 21 37 19 90 92 15 68 63 6  78 25 64 15 13 71 84 94 26 40 39 26 80 95 10 22 75 12 40 44 58 25 98 58 9  41 66 73 80 42 6  83 93 17 37 68 97 16 42
14 34 2  58 23 48 17 77 56 5  82 15 21 39 64 85 84 90 98 1  62 80 76 6  18 25 43 54 29 95 5  78 62 48 15 21 12 83 40 32 3  46 87 26 92 19 33 11 22 46 10 83 79 72 30 23 53 18 39 65 49 85 65 43 53 35 73 33 39 97 20
66 37 24 44 31 61 28 45 61 34 35 84 6  97 72 41 81 25 8  47 4  79 78 22 40 66 32 54 29 23 20 34 51 74 23 5  12 10 34 4  42 57 1  74 59 20 14 19 58 43 47 70 62 92 6  78 76 53 83 82 70 86 30 49 54 0  34 69 96 99 20 66
76 64 56 54 36 11 46 14 70 1  30 49 82 27 85 30 20 22 31 86 29 26 42 66 34 16 28 45 24 50 0  55 42 94 93 75 44 4  7  13 3  37 26 60 98 48 30 40 58 42 31 13 41 97 16 28 46 5  24 30 24 73 33 63 27 31 51 72 82 93 1  92 73
75 5  65 53 39 41 16 54 83 41 38 42 6  51 30 58 64 7  72 18 46 50 83 55 89 55 54 71 94 35 12 40 10 61 1  57 29 55 97 99 67 90 9  25 90 76 13 49 18 23 55 37 33 49 20 95 62 65 26 47 51 94 39 43 94 43 54 5  28 90 49 0  69 81
6  17 24 14 83 8  55 37 5  88 0  75 60 59 45 5  16 78 10 86 5  19 37 51 32 34 25 12 84 97 11 86 77 86 9  87 73 65 34 43 2  93 43 54 14 13 15 85 85 2  92 39 94 14 68 35 10 96 38 18 97 40 55 22 62 87 24 73 88 97 99 1  77 95 41
3  5  22 42 36 54 20 63 32 13 79 18 15 60 48 8  72 85 41 94 52 5  79 94 37 81 68 10 51 78 77 11 58 56 13 99 58 11 59 1  44 78 93 40 50 93 69 97 17 58 60 45 49 25 47 59 26 83 41 9  81 98 11 47 87 85 40 38 38 46 62 75 91 70 9  91
