56
26
14 69
99 62 51
2  95 90 87
57 15 91 95 68
89 41 92 61 47 89
59 34 63 56 14 19 44
20 8  89 91 60 95 11 10
5  59 85 58 36 60 39 79 3 
2  98 86 74 15 6  55 1  51 44
61 33 63 12 92 75 18 71 62 87 44
33 93 88 74 56 51 5  84 33 68 14 72
27 60 29 38 35 90 0  87 88 6  51 94 24
37 4  44 68 12 76 90 81 9  94 1  20 18 39
55 34 46 41 50 10 87 36 48 86 53 92 83 20 74
73 18 29 43 88 50 91 19 69 81 59 15 63 81 55 35
59 21 82 56 62 44 31 33 17 84 28 65 69 41 97 38 38
92 34 63 98 59 48 7  27 21 2  3  72 88 99 30 4  47 46
91 85 10 13 14 82 43 28 87 37 22 60 4  89 81 4  17 65 89
62 18 8  80 35 27 65 70 60 21 6  2  73 47 50 98 44 63 1  93
13 50 14 36 1  88 4  48 81 92 25 54 48 59 61 7  53 9  10 36 78
8  23 34 56 76 38 35 98 78 71 54 53 27 92 94 44 75 23 24 0  89 31
35 91 96 88 41 76 6  79 66 50 37 19 76 1  1  13 31 20 4  55 50 5  83
16 54 7  42 79 7  69 68 75 51 93 15 90 8  27 50 97 20 74 13 9  48 27 69
63 61 16 22 34 80 60 3  84 97 34 24 33 64 57 81 78 90 85 49 20 53 29 62 12
17 11 79 22 67 4  59 72 61 77 60 89 38 57 8  76 36 72 81 4  40 22 83 56 82 66
77 55 57 16 10 60 65 57 76 33 5  37 62 20 64 64 98 23 94 83 5  8  98 51 66 74 93
91 48 64 77 68 76 9  22 17 26 65 57 92 53 4  34 92 93 64 91 76 70 43 12 73 40 55 38
96 75 56 12 80 6  67 26 55 18 18 15 46 93 84 59 98 81 53 92 87 66 45 24 35 14 32 92 54
14 72 84 72 14 51 9  36 20 78 77 56 24 80 6  95 1  91 22 89 40 51 86 25 81 65 93 97 75 9 
87 71 66 49 39 54 17 70 53 46 90 81 65 11 30 81 70 71 80 91 3  47 98 30 26 62 28 50 92 29 57
93 79 49 54 62 4  21 95 11 86 97 55 72 54 51 15 41 98 46 12 53 1  91 57 15 82 87 18 73 94 91 6 
67 13 79 84 44 22 14 72 58 17 49 42 76 35 22 61 7  84 21 62 91 18 90 17 7  5  89 25 76 7  17 15 63
80 81 44 92 8  36 4  23 34 3  16 12 41 53 11 72 71 90 39 35 4  39 40 77 40 78 18 77 60 84 34 24 33 37
94 5  5  97 2  1  1  79 31 34 53 11 62 48 48 24 38 34 11 83 92 9  5  10 16 50 83 28 55 15 15 92 4  39 3 
60 54 60 42 10 67 3  6  20 92 8  64 81 13 63 90 15 33 7  87 54 39 61 51 15 56 90 95 19 90 11 60 79 76 52 77
51 31 15 42 78 87 43 17 98 90 43 57 30 15 43 57 63 42 98 43 40 72 32 53 76 90 70 14 73 53 52 34 50 9  41 49 80
18 90 55 26 39 83 96 78 30 2  15 9  91 17 57 24 13 16 66 56 52 52 2  16 64 7  4  97 21 12 83 19 68 39 34 85 88 60
41 53 90 17 71 54 6  15 69 84 94 48 33 77 42 72 79 2  81 15 11 34 25 12 93 14 4  90 80 54 18 27 37 43 58 73 86 9  74
76 92 61 77 69 70 75 89 68 97 26 49 17 53 40 19 27 42 48 89 5  13 48 68 0  70 70 56 82 63 8  24 67 6  60 77 98 85 16 39
81 30 9  29 60 16 77 85 32 57 17 54 47 3  86 19 75 41 7  95 30 32 34 24 85 7  2  64 93 4  55 14 24 9  51 73 37 69 53 59 75
6  62 6  21 94 63 99 7  43 47 34 85 26 82 56 20 18 78 94 54 32 7  40 80 27 36 11 97 52 46 91 96 88 88 35 86 38 3  60 60 17 12
68 16 53 45 70 55 91 80 72 38 0  40 48 25 76 37 77 84 22 69 57 10 1  30 28 5  62 18 64 52 3  74 25 99 10 40 19 31 18 11 46 45 22
43 86 66 15 14 30 65 53 75 80 90 7  77 86 16 42 97 46 92 42 11 31 0  27 77 76 58 97 59 54 19 22 12 31 8  86 26 32 81 70 62 59 76 83
38 39 24 42 26 69 95 93 62 91 86 68 68 15 13 86 63 80 45 50 60 25 51 68 4  31 78 87 3  20 26 14 5  84 50 41 19 20 73 64 88 97 74 75 8 
50 91 40 47 61 35 89 63 25 76 80 26 14 23 20 27 6  7  21 77 7  14 73 17 9  86 36 65 58 49 30 88 51 23 24 85 25 81 17 7  6  31 25 35 9  34
16 20 67 31 10 24 50 36 89 39 18 26 44 18 16 77 67 23 30 47 12 56 16 65 45 83 40 3  32 74 75 27 11 52 19 0  26 6  54 37 12 66 82 24 31 28 11
25 32 25 20 37 89 69 21 80 16 32 27 82 41 54 85 80 83 71 33 61 2  32 24 32 88 10 93 19 94 60 14 3  64 84 46 34 22 3  92 49 17 44 3  31 57 15 4 
82 46 66 51 40 19 15 65 49 33 78 50 48 46 79 70 20 25 46 20 84 39 56 39 11 72 25 76 33 55 88 14 9  21 22 0  82 80 5  93 72 25 94 8  51 60 73 8  2 
64 84 47 83 3  92 32 87 95 52 86 88 56 49 72 44 99 59 63 78 98 16 75 13 88 49 85 79 6  10 4  6  1  66 35 78 14 45 38 13 56 46 71 61 10 64 23 22 85 58
72 94 49 1  3  34 12 13 10 63 88 12 6  98 18 65 48 70 48 20 73 40 66 98 25 66 81 91 34 47 48 92 78 90 79 26 4  16 66 34 33 14 56 68 72 93 38 32 2  67 66
7  39 5  13 51 87 63 20 18 29 59 33 69 25 73 98 35 40 21 23 18 57 30 6  21 17 16 61 11 4  57 69 75 69 83 65 10 38 79 4  13 78 20 71 63 59 31 54 69 9  23 86
1  92 29 23 87 77 35 66 15 26 72 17 45 65 71 80 69 17 88 78 25 4  75 60 33 49 65 93 65 5  18 58 86 60 81 10 93 34 12 87 19 71 8  98 64 11 10 31 73 41 27 83 32
93 28 93 43 92 40 35 1  39 76 41 16 55 12 27 12 84 46 0  98 0  80 21 54 91 93 35 8  13 35 36 37 28 7  89 99 60 60 1  76 96 13 53 89 46 12 76 27 0  59 82 88 10 43
75 99 79 65 48 35 68 7  17 92 78 30 31 95 38 79 93 97 99 36 96 26 97 67 29 36 87 4  7  60 40 86 33 58 36 5  32 48 9  12 71 64 76 14 97 71 10 39 43 78 71 45 85 38 31
25 82 95 60 43 54 56 78 77 87 56 7  48 27 57 48 22 83 9  55 79 25 5  81 80 41 82 71 12 59 12 98 70 70 24 82 64 7  11 18 73 26 46 35 68 12 34 97 34 67 32 11 2  35 83 61
