20
11
95 3 
8  50 25
28 22 82 81
35 23 76 5  12
45 26 44 85 74 26
13 49 96 26 77 86 67
33 93 60 29 47 42 72 88
93 73 87 32 87 70 8  18 27
21 12 28 13 95 7  39 19 8  56
43 40 53 90 60 3  40 78 17 16 70
29 49 85 82 91 36 54 71 27 24 23 56
2  60 59 33 3  11 43 96 88 68 15 10 12
59 49 47 27 98 37 58 15 51 34 28 39 34 78
56 0  85 22 15 67 25 66 79 20 59 98 8  76 78
75 38 70 90 91 89 79 21 50 81 62 21 23 53 93 49
18 45 83 86 46 73 54 82 73 95 98 93 41 67 86 60 59
80 72 58 90 48 48 32 87 20 88 87 28 9  15 60 29 99 10
27 48 52 20 1  91 89 94 65 81 39 51 62 8  63 79 22 54 74
28 95 94 86 63 94 23 0  69 90 83 81 70 10 39 69 13 19 2  47
