20
72
28 71
12 54 40
45 62 35 27
20 72 10 79 69
26 82 40 59 47 64
52 60 29 39 23 34 62
45 59 37 81 11 99 31 11
0  40 58 27 82 81 10 26 65
4  94 89 70 23 22 47 20 46 26
40 58 47 21 62 43 92 14 96 24 86
12 37 43 38 1  93 51 57 15 0  58 97
33 91 95 89 62 12 25 24 76 10 31 11 82
38 90 94 89 52 21 9  51 73 74 8  89 42 34
2  76 35 44 70 37 27 19 57 77 83 89 76 22 57
40 97 25 76 18 7  96 35 11 89 37 64 68 55 28 58
18 56 32 92 59 72 96 0  45 30 46 75 17 79 41 58 55
89 55 75 91 55 41 27 58 44 12 16 12 77 0  97 12 9  64
2  93 92 55 18 62 45 9  69 82 45 76 5  19 99 87 41 66 21
65 66 41 66 80 81 58 5  39 68 73 70 31 76 66 91 49 52 58 36
