18
17
72 80
51 61 79
25 42 91 61
0  71 75 38 62
26 51 97 53 7  83
2  75 65 53 79 63 39
82 43 6  88 76 34 37 13
79 27 78 32 14 96 58 74 79
60 13 14 81 22 75 88 87 14 4 
66 83 57 60 73 38 48 75 95 45 86
71 46 64 37 70 86 43 17 43 85 66 53
37 72 29 41 11 25 22 9  81 69 13 32 87
82 66 95 87 66 24 29 24 37 94 3  6  26 8 
23 98 52 65 79 26 83 80 51 78 25 18 2  70 14
9  95 90 67 4  58 12 0  15 99 34 94 96 22 29 82
10 55 48 53 97 68 58 77 84 5  39 51 64 21 55 57 45
38 73 46 64 78 62 84 89 41 18 23 67 35 39 46 36 64 52
