87
81
78 73
33 84 92
41 35 70 45
86 56 79 52 90
5  49 48 17 53 56
88 11 29 68 1  96 65
33 71 63 11 13 22 97 23
49 70 42 62 30 64 32 66 43
32 90 55 29 96 26 27 94 79 48
92 14 73 17 6  70 86 81 67 31 70
8  49 76 10 73 73 36 4  24 28 50 93
25 37 75 57 41 43 71 0  39 63 6  27 73
60 60 58 75 8  29 93 70 58 59 22 65 6  55
23 40 72 82 27 66 8  81 58 94 98 2  28 55 0 
41 68 23 42 14 70 24 17 42 3  26 1  53 63 98 87
84 34 86 30 90 99 35 49 13 78 91 72 25 99 89 57 83
11 62 93 28 66 0  58 96 7  48 45 59 21 5  54 72 82 5 
87 77 50 53 80 9  98 81 46 17 81 49 16 41 54 45 89 32 34
27 91 40 29 14 87 26 57 25 67 33 21 92 91 66 41 84 12 93 88
54 29 38 87 16 24 61 63 51 37 59 38 17 8  77 57 69 58 4  24 6 
31 94 26 14 96 11 10 74 83 89 64 69 65 97 89 36 47 88 45 91 52 88
27 21 13 34 82 30 66 80 65 88 48 3  45 15 67 81 58 93 41 55 48 38 42
48 34 21 52 50 50 96 64 66 36 88 73 54 51 30 98 12 80 96 53 76 75 46 2 
7  40 12 27 80 48 71 80 64 85 19 4  17 64 92 52 11 55 74 71 16 60 87 2  78
93 26 12 17 81 22 21 54 96 82 76 61 38 85 5  36 61 77 10 78 53 92 15 65 91 37
48 83 62 50 84 61 93 4  44 53 50 41 1  7  40 79 26 74 41 61 20 35 7  94 23 43 2 
16 45 17 15 48 59 67 55 13 76 19 63 14 0  50 96 67 22 71 72 27 48 60 91 4  44 27 57
84 75 65 67 92 18 4  83 59 3  48 21 24 15 5  94 70 57 97 51 63 34 65 15 63 24 40 66 34
35 89 12 76 28 90 42 2  29 89 89 99 69 26 72 51 74 92 79 47 43 36 93 57 38 19 52 73 22 30
62 0  63 82 7  32 85 60 94 35 85 61 49 52 13 96 47 40 51 40 30 63 3  45 26 46 18 43 62 26 67
63 57 81 42 31 46 10 39 45 89 20 42 82 0  38 10 92 70 9  33 42 44 29 47 2  91 12 64 54 66 74 30
52 78 91 11 62 72 76 67 90 98 17 97 88 98 62 79 73 44 76 84 80 41 22 2  27 75 74 16 32 63 83 44 3 
3  67 57 25 92 74 26 41 81 22 54 90 14 93 13 37 91 46 23 49 51 59 57 26 71 65 13 41 44 13 27 13 20 75
53 60 86 57 19 15 94 93 61 32 32 47 31 62 64 89 68 20 6  18 75 45 64 73 0  85 62 6  28 95 52 69 35 43 11
27 55 37 44 54 95 67 72 8  95 51 96 81 53 69 68 43 82 22 28 81 92 50 42 40 66 47 63 21 85 78 66 51 65 24 12
82 11 98 34 82 52 40 85 99 38 10 87 67 35 73 28 75 38 87 88 83 11 35 17 57 62 61 45 25 54 85 25 13 93 60 75 51
59 99 58 42 49 12 25 69 74 74 20 50 24 4  7  91 12 3  3  20 32 10 13 9  82 89 44 57 64 50 55 76 25 76 82 33 99 26
20 36 67 27 69 82 11 42 23 76 46 64 26 41 64 22 83 76 84 69 52 61 15 46 71 97 61 39 38 95 29 89 70 47 22 79 6  70 90
49 93 60 60 80 45 16 81 74 43 21 7  5  34 94 48 49 86 25 57 46 99 11 33 57 30 55 67 79 42 94 87 54 19 92 94 67 94 90 33
49 96 94 94 63 47 89 86 14 41 72 24 91 99 96 90 94 52 42 54 96 84 79 59 67 18 72 74 96 96 57 74 23 41 58 43 51 11 29 24 85
3  15 10 56 45 95 69 96 72 57 92 66 16 32 56 50 46 94 0  37 42 65 94 20 34 59 49 97 35 30 57 4  35 44 35 13 23 41 55 17 92 89
99 11 71 43 85 28 80 12 47 68 35 61 79 30 22 56 19 9  44 94 92 86 19 56 22 61 44 46 26 6  73 78 34 12 84 85 65 24 16 88 12 77 13
23 25 38 48 55 44 22 94 21 26 54 96 46 97 5  92 21 14 56 24 2  93 81 30 8  5  23 86 33 62 11 77 70 8  30 37 18 92 38 79 21 66 71 65
61 79 78 87 0  52 49 28 89 78 60 12 79 98 10 41 27 31 5  74 27 4  88 27 6  29 34 39 39 16 17 93 86 51 42 13 53 27 84 31 97 45 26 60 4 
92 92 86 13 19 7  87 66 72 40 3  28 24 84 8  9  94 18 79 54 47 51 11 64 28 14 78 63 90 70 4  54 70 32 18 63 9  34 38 4  89 88 93 34 43 55
27 66 88 63 70 91 26 98 49 98 37 87 36 93 29 41 72 49 43 72 22 90 86 78 8  57 47 58 75 10 38 41 38 34 3  77 38 18 50 4  67 60 78 83 57 86 56
61 30 77 74 31 57 7  82 82 65 40 43 2  70 20 93 12 87 11 6  17 80 52 98 68 73 75 79 44 30 45 38 24 29 36 27 89 4  46 75 48 3  47 28 16 34 50 53
84 34 42 31 63 16 91 91 89 73 4  64 89 67 26 45 57 52 45 24 68 74 86 82 3  96 22 0  15 48 35 87 9  78 26 87 17 57 20 49 52 51 88 37 61 67 93 84 25
6  12 33 25 1  85 75 3  52 77 61 89 28 92 7  32 75 50 98 58 41 72 37 86 60 23 75 65 12 80 40 53 77 5  64 23 88 16 55 76 71 39 62 73 76 63 37 93 74 5 
20 17 78 7  9  23 30 64 4  35 57 86 53 56 62 17 26 36 58 22 13 53 46 17 6  46 15 90 48 76 8  51 49 38 18 96 45 8  99 40 89 17 96 29 93 70 18 87 16 54 17
38 74 16 33 55 2  42 6  23 45 67 35 90 0  44 67 60 66 47 0  3  7  90 13 71 31 85 10 58 5  57 41 47 45 42 62 81 47 94 48 38 74 85 47 76 82 53 59 26 23 91 35
26 11 28 73 47 4  0  12 58 82 80 3  44 11 99 79 35 73 80 66 82 89 12 31 30 44 12 57 57 77 65 86 52 50 49 92 75 53 79 42 34 95 79 45 49 45 24 47 75 67 19 34 85
0  81 35 98 83 31 32 34 78 78 1  42 90 97 42 74 69 85 81 69 86 62 81 0  36 51 60 78 59 2  81 15 94 76 97 71 48 13 77 37 95 94 99 85 71 63 26 26 25 1  26 36 2  78
58 11 48 40 61 31 85 14 53 73 96 6  78 46 34 13 25 37 87 94 99 65 65 72 18 64 14 45 96 96 91 55 39 94 23 64 28 84 30 44 96 56 73 53 41 41 21 83 66 94 48 45 57 88 40
18 46 54 50 0  53 33 43 52 64 37 15 74 6  1  89 97 25 10 41 87 34 90 44 61 29 50 49 90 30 19 32 60 84 38 8  97 91 39 61 70 46 56 17 42 52 54 1  8  42 88 37 39 64 42 3 
19 6  41 72 83 92 44 34 37 93 22 99 74 64 26 78 31 28 48 61 47 94 20 55 7  47 69 36 83 85 78 12 22 6  2  60 51 44 64 46 76 94 58 5  20 94 57 43 99 16 50 47 27 88 8  62 34
55 12 49 1  72 12 72 3  55 10 84 48 75 33 42 98 66 63 50 53 32 91 61 53 29 79 88 4  2  34 88 92 49 29 14 30 51 17 95 52 24 53 39 69 16 12 88 18 83 4  20 7  43 23 27 28 37 4 
60 45 18 97 20 49 27 88 1  21 63 17 45 75 21 23 8  75 32 85 94 97 3  20 17 87 66 40 18 31 19 92 44 16 11 46 89 32 35 73 5  49 71 16 81 86 9  36 85 80 69 33 2  15 72 33 52 7  32
67 95 40 41 33 41 21 46 13 98 15 84 53 9  2  9  26 50 71 7  99 37 77 92 43 5  13 98 7  80 51 72 81 1  77 95 85 45 34 99 15 42 66 34 12 40 31 79 20 48 16 21 81 50 98 50 80 28 40 56
55 99 24 92 39 39 83 17 83 89 46 98 12 91 89 99 98 5  53 39 12 69 69 10 20 11 29 42 62 11 32 26 56 19 15 39 52 99 9  58 26 76 49 76 88 59 7  65 26 9  18 8  41 85 17 32 86 67 9  50 96
14 39 45 40 13 34 70 47 27 96 88 86 30 71 97 95 87 72 33 72 62 78 7  17 64 72 90 88 66 55 25 39 14 41 71 40 35 90 58 63 99 88 67 31 95 74 45 91 17 32 65 69 39 13 47 60 5  37 58 10 76 55
39 94 31 20 59 1  1  87 59 64 70 53 30 80 0  16 21 37 40 56 6  28 11 84 43 54 43 6  11 34 26 73 9  15 54 74 64 60 9  91 9  20 11 64 37 4  84 98 10 89 31 28 29 54 86 4  89 62 59 47 57 0  19
55 89 47 66 80 68 58 38 48 2  82 45 90 14 60 63 59 37 45 29 56 12 34 6  68 68 40 37 65 62 53 29 5  5  53 20 44 41 48 14 49 39 68 35 16 82 55 1  19 51 21 39 62 32 27 3  84 5  46 66 51 93 88 91
88 10 66 34 14 42 95 75 64 93 42 67 94 40 42 69 66 60 38 67 52 13 92 56 78 82 48 95 95 1  68 39 75 26 52 98 51 21 64 81 74 3  53 90 81 98 27 52 44 69 3  99 65 48 59 20 29 45 73 79 28 30 50 42 98
95 15 55 96 92 53 10 25 30 70 91 10 5  34 68 42 17 80 87 40 27 90 3  46 69 14 31 14 40 91 23 80 99 11 19 36 77 14 3  48 12 61 14 58 91 14 93 94 58 6  44 15 46 60 35 84 99 74 87 47 47 75 20 47 74 58
24 77 94 68 76 91 95 28 77 88 1  24 79 83 38 22 66 17 56 69 17 91 39 32 4  93 91 90 8  14 56 17 88 0  63 96 0  28 7  84 82 38 45 50 66 95 58 65 47 58 47 47 21 78 44 4  26 57 6  34 3  98 53 38 12 72 12
80 20 80 75 28 95 0  68 40 22 1  2  39 17 43 60 6  26 99 98 51 59 59 94 28 7  20 0  73 90 66 23 10 6  69 38 69 65 72 62 23 85 33 91 28 90 31 20 55 45 70 9  3  27 20 86 33 57 51 95 98 60 23 0  35 11 48 6 
17 47 36 10 18 36 51 92 5  38 10 95 82 24 83 1  74 47 16 25 86 99 62 42 62 19 87 25 62 19 37 84 54 24 73 22 55 78 31 71 55 97 1  27 13 69 28 23 37 15 23 30 41 56 31 24 78 10 50 24 6  57 22 29 4  99 76 74 95
43 97 7  8  35 40 63 59 0  61 89 1  94 69 85 45 73 7  66 9  83 67 95 62 32 6  72 88 22 83 11 74 98 57 6  13 85 21 28 84 56 79 59 23 23 38 73 68 5  5  24 13 94 28 11 98 68 1  86 59 40 23 74 93 17 14 67 90 10 69
50 6  26 23 6  94 40 20 96 36 56 79 28 58 46 28 78 11 5  50 52 62 60 44 11 29 48 1  78 36 37 68 88 82 60 33 83 92 78 78 37 18 83 20 60 89 61 61 82 8  99 48 41 67 13 9  38 97 65 18 8  63 94 50 13 37 5  87 5  15 29
13 83 60 89 29 99 62 0  88 7  15 45 26 4  26 1  87 63 81 48 51 59 57 67 33 94 75 67 73 68 78 5  36 77 83 42 34 21 95 43 75 5  63 58 52 37 73 63 6  97 97 80 39 85 68 13 96 29 47 93 14 70 73 46 23 93 63 29 49 96 16 27
34 19 56 64 40 68 42 55 93 29 58 94 9  22 38 44 96 73 26 76 35 29 52 72 31 6  69 94 78 78 93 43 2  69 35 49 10 96 84 98 39 94 10 70 24 4  59 89 95 50 40 29 46 91 25 15 84 46 54 52 44 56 49 26 47 48 97 17 52 90 69 48 94
99 16 11 14 68 20 35 17 14 36 88 0  93 17 98 65 25 37 6  34 43 8  41 16 65 17 58 12 80 55 89 48 30 23 82 2  35 29 8  20 36 41 7  82 16 15 24 34 55 45 82 55 28 79 78 46 27 7  57 39 64 15 20 75 43 19 29 17 30 11 64 31 13 30
95 42 13 11 91 1  11 99 27 57 95 99 97 46 39 28 40 98 98 47 80 77 86 85 51 55 88 23 96 35 21 79 37 67 33 94 16 10 19 37 83 80 87 29 3  69 73 20 4  31 86 10 46 1  43 24 30 39 36 43 1  77 83 86 53 99 74 17 19 20 4  5  48 93 16
83 40 86 53 34 99 90 63 58 92 70 41 5  48 42 88 89 30 9  60 11 55 24 44 84 19 29 99 90 4  33 96 34 19 37 16 63 33 79 86 86 93 56 13 95 38 49 52 50 53 70 81 52 7  38 18 30 52 95 28 25 56 20 27 20 1  80 49 1  26 61 22 81 65 9  19
85 52 40 2  3  56 16 32 99 58 9  66 72 75 67 48 54 63 70 13 13 7  84 16 86 22 58 26 98 99 51 61 59 4  49 59 57 64 0  57 35 63 72 96 22 64 73 16 2  3  9  74 82 8  62 49 45 70 11 14 86 89 73 97 5  75 72 46 83 39 90 3  19 28 81 95 6 
4  7  59 41 90 5  50 32 59 22 45 28 74 57 43 17 87 72 22 35 16 62 34 43 11 20 18 85 48 46 55 97 96 76 19 54 41 42 10 93 75 31 73 17 14 73 89 77 37 57 65 53 33 81 73 29 46 56 76 79 5  59 74 8  3  75 56 67 99 22 16 17 65 30 50 11 12 26
1  9  4  20 98 85 48 72 75 42 71 64 80 6  41 33 77 35 43 36 32 40 58 36 57 49 20 91 27 35 64 25 84 46 54 80 19 25 10 96 53 72 80 89 94 30 1  74 21 88 43 26 44 44 11 0  49 66 46 76 47 73 30 91 9  3  32 16 83 33 35 15 4  64 47 38 95 26 47
48 75 32 76 16 97 36 51 29 98 4  90 70 39 72 55 70 32 91 52 96 46 16 23 26 4  67 68 37 31 91 69 45 60 68 40 16 19 38 81 95 61 63 43 66 86 47 4  37 90 45 95 15 78 76 4  37 79 78 96 81 5  27 94 54 71 73 72 73 71 91 58 5  23 11 32 94 57 33 24
43 48 60 67 76 70 22 78 0  18 65 42 53 90 58 21 9  73 95 16 58 86 85 32 94 86 75 33 2  79 43 69 30 19 69 29 55 95 15 20 54 99 35 36 9  78 76 45 33 63 19 46 38 63 35 90 27 56 92 96 1  95 59 69 38 86 35 81 93 0  84 82 43 10 74 64 47 72 13 61 85
79 10 78 74 0  65 67 90 63 78 18 66 68 38 31 76 91 52 33 40 25 31 37 3  60 20 99 78 55 48 22 97 23 40 65 13 27 82 53 45 20 16 11 0  71 12 21 69 31 87 21 44 1  26 5  28 5  57 40 45 17 5  23 4  74 51 81 52 59 1  42 21 41 51 63 15 9  39 53 2  57 57
16 67 94 15 95 95 94 91 8  44 1  61 32 53 25 49 79 61 12 48 75 32 20 84 42 58 6  58 13 76 7  3  52 53 27 56 20 12 42 90 1  91 80 65 71 15 31 98 22 98 41 67 80 63 13 10 67 67 92 25 89 25 7  28 68 27 61 96 8  70 89 64 16 71 66 17 44 18 22 56 90 56 23
96 57 36 15 92 3  50 75 2  71 26 46 11 54 73 88 93 85 70 0  45 56 85 33 50 42 56 69 85 73 84 69 64 49 92 85 31 79 72 48 94 59 20 10 1  86 50 96 17 28 36 54 54 35 37 68 41 16 12 11 55 85 51 58 87 59 90 17 82 78 97 6  7  39 56 73 53 95 40 94 25 4  57 36
3  54 98 6  31 93 44 86 74 60 11 96 3  65 90 20 43 62 59 44 11 83 88 59 51 29 93 6  5  83 13 13 87 99 55 20 26 51 30 56 48 65 7  40 49 33 74 95 98 68 34 42 96 92 27 69 39 63 74 7  68 86 99 14 35 91 19 62 36 92 72 34 62 97 7  0  78 58 65 17 16 11 90 84 25
19 15 42 43 84 15 49 60 42 95 57 4  19 92 22 73 80 69 2  57 34 99 25 10 86 71 26 11 49 89 46 94 18 45 64 34 42 7  78 28 52 79 84 48 41 58 96 93 3  15 48 16 18 7  31 45 33 36 98 67 41 80 69 74 35 20 2  23 18 6  56 34 97 38 36 5  12 77 50 83 56 98 88 89 91 64
83 93 42 90 76 1  60 95 94 76 6  54 35 54 35 59 68 67 12 7  48 78 57 80 25 59 21 17 12 90 3  58 38 74 34 8  65 74 53 0  75 7  60 30 50 36 84 77 86 41 1  88 6  38 77 62 99 78 31 61 1  14 61 66 42 99 67 9  32 1  46 54 4  93 23 47 34 20 1  63 65 18 6  89 59 75 56
