52
33
23 96
90 97 76
58 68 19 44
71 9  48 52 45
58 15 93 95 39 25
99 27 47 84 15 95 42
73 39 33 19 32 62 58 53
78 33 35 76 96 27 43 77 83
85 53 23 44 29 35 2  44 98 39
34 99 8  32 38 77 55 77 32 87 67
73 11 53 76 70 95 54 39 81 14 45 34
76 11 25 61 92 34 98 49 13 67 8  72 4 
9  12 53 76 37 32 30 71 13 3  23 12 86 2 
50 0  63 18 19 31 16 54 56 81 22 90 97 85 54
69 70 72 43 55 45 6  41 82 68 46 0  64 6  58 55
54 94 90 40 95 91 87 6  49 56 97 67 17 96 84 88 47
63 34 11 71 79 28 59 0  52 6  68 9  74 75 55 35 42 43
22 93 53 55 94 95 87 9  42 76 14 83 13 48 77 68 25 47 13
54 5  35 29 95 74 28 33 84 23 71 99 20 44 29 18 54 65 10 39
73 72 65 55 29 76 9  65 26 51 26 82 14 95 4  1  68 55 22 15 28
39 90 98 84 73 0  86 33 38 52 99 36 14 88 0  22 82 67 51 5  42 90
33 82 76 36 15 4  13 27 29 94 19 65 68 71 21 50 44 84 83 31 63 37 0 
75 29 61 0  89 74 27 5  46 92 92 75 40 59 90 69 18 25 51 47 12 74 56 96
71 77 55 44 25 95 59 57 76 27 99 70 89 19 41 93 3  53 8  88 27 50 18 30 50
27 15 31 98 96 53 62 51 16 2  49 88 17 13 64 5  19 31 52 64 28 26 26 28 56 64
36 92 63 69 88 72 47 76 72 18 98 41 89 82 77 2  69 87 6  84 39 56 64 12 39 85 96
44 60 26 27 51 49 85 10 83 35 17 71 34 39 70 98 92 97 28 42 37 11 68 10 30 73 67 97
31 25 2  18 53 39 73 13 77 39 60 32 75 63 44 58 52 61 79 15 49 72 32 77 28 65 64 60 46
10 36 98 24 72 77 34 69 28 51 15 67 31 98 24 64 17 97 91 33 66 25 81 84 47 13 85 81 96 61
73 94 75 96 13 17 5  58 84 82 44 58 1  87 74 17 66 73 85 89 23 16 69 21 32 50 24 78 71 51 74
75 91 47 59 93 41 15 86 10 14 77 21 79 32 66 65 77 6  27 26 60 0  62 89 79 19 87 71 35 27 90 43
66 21 25 22 92 28 0  89 99 28 83 26 26 29 33 21 60 44 41 12 8  92 15 54 37 69 90 48 95 96 60 4  66
68 78 32 79 79 14 66 95 76 95 56 33 84 53 50 55 61 98 17 11 39 9  63 52 2  70 30 41 92 3  53 9  58 42
24 67 4  81 5  86 41 60 41 28 97 77 63 27 40 55 59 85 73 57 55 6  93 9  8  70 9  12 16 27 62 67 54 2  32
56 83 42 63 20 90 86 52 71 96 77 42 94 57 3  98 93 58 60 48 13 94 90 97 88 29 24 39 61 98 3  3  26 97 60 0 
4  45 30 28 13 93 90 9  51 57 12 90 28 77 12 2  50 73 40 60 93 33 28 56 38 12 3  3  51 3  86 71 69 14 62 43 24
65 76 65 27 64 65 78 55 92 97 61 87 23 89 83 62 97 82 27 0  95 3  91 26 59 98 30 3  66 42 95 83 45 16 93 70 65 89
61 70 44 39 81 37 10 12 15 20 90 94 92 0  11 76 94 53 37 77 61 39 18 33 16 7  34 40 53 50 82 52 96 86 62 61 72 2  44
15 0  86 17 31 99 53 25 6  12 59 37 49 91 82 19 24 64 3  73 35 64 74 61 87 10 86 97 30 94 52 71 17 56 57 32 53 86 9  3 
80 38 56 54 9  76 54 68 44 44 75 56 11 79 42 53 18 92 38 18 27 68 68 7  40 68 9  31 4  89 17 69 45 90 18 81 62 19 93 90 88
12 13 6  38 0  3  5  77 33 97 1  58 57 50 15 58 71 64 40 66 91 86 22 17 50 26 7  27 15 0  74 21 4  32 66 55 77 61 8  32 58 62
85 5  9  21 52 25 87 0  89 25 73 96 85 51 10 22 17 51 92 23 87 65 37 15 76 95 11 30 60 71 66 63 12 81 25 79 84 28 16 18 65 41 36
47 20 9  37 41 90 87 26 91 68 52 44 85 46 68 35 48 81 51 85 36 8  12 22 77 1  50 31 86 37 59 26 31 25 52 87 38 89 63 99 0  42 44 49
77 56 80 86 66 15 38 64 69 22 81 39 69 12 27 97 16 40 94 45 10 48 2  40 70 41 17 61 54 18 31 30 76 48 60 43 60 4  39 24 76 58 62 59 64
54 36 51 97 14 32 1  13 79 54 51 99 29 11 85 13 71 34 31 90 20 95 10 26 63 61 86 40 62 87 52 56 24 6  85 51 32 91 72 80 85 69 52 3  38 22
99 77 2  29 15 13 38 49 15 72 4  83 93 54 87 66 5  70 47 20 59 58 89 48 10 74 72 20 92 4  93 29 19 72 92 9  46 55 83 74 35 96 2  34 39 52 48
54 11 99 52 5  84 76 68 55 9  99 35 66 54 16 36 71 36 18 10 59 21 6  28 37 6  64 33 87 11 90 61 94 97 83 21 27 98 17 43 8  98 66 88 47 5  8  86
21 85 33 19 37 97 24 65 57 95 71 11 10 69 74 33 23 2  75 51 34 90 39 99 48 18 94 19 27 75 93 40 93 36 71 59 18 79 42 52 17 83 81 2  94 1  99 15 87
83 54 58 53 41 68 72 52 32 17 39 72 77 99 33 35 26 66 99 93 13 34 44 42 3  79 59 85 62 52 4  32 5  71 74 34 50 58 48 32 85 9  21 32 27 15 6  82 69 42
55 82 52 84 65 79 73 80 23 60 91 17 27 38 3  35 94 93 20 27 5  98 93 12 37 43 65 68 29 71 83 6  15 43 20 14 0  32 42 40 43 39 59 41 65 57 89 69 7  5  57
88 24 74 77 82 34 46 39 34 61 0  56 97 18 2  8  35 15 0  10 35 33 1  46 60 97 54 52 43 76 23 88 17 74 23 56 39 66 91 53 24 1  4  52 17 59 66 43 71 10 15 57
