95
85
9  75
68 50 87
74 38 88 49
86 46 91 95 99
85 87 11 39 29 55
11 57 48 84 81 90 58
81 99 13 75 75 56 17 88
66 44 0  84 47 35 56 97 71
32 58 22 82 81 69 39 6  51 25
50 8  22 82 69 23 93 81 11 25 41
33 52 47 26 14 83 87 5  75 69 40 48
83 35 52 86 93 67 4  58 13 82 42 2  23
18 49 46 28 63 65 4  1  48 15 3  16 6  81
49 88 95 97 30 84 74 18 44 2  64 46 95 71 23
86 72 99 61 44 32 76 62 88 38 66 83 56 50 62 86
85 78 58 26 20 35 20 99 66 35 40 83 67 17 91 77 25
33 83 48 54 42 9  73 54 55 81 49 18 37 0  13 23 53 97
18 83 13 53 96 96 46 49 79 91 38 68 4  72 54 65 7  13 4 
6  80 28 37 77 2  5  32 71 7  95 93 52 0  86 88 32 90 2  74
69 44 25 91 36 84 39 56 85 58 36 62 99 61 0  52 20 62 74 61 95
4  72 25 91 3  68 63 49 49 74 36 90 94 0  5  65 62 39 45 92 21 7 
36 44 35 65 34 23 90 35 26 23 92 30 71 15 51 45 88 17 60 77 40 70 2 
84 38 29 31 73 55 38 65 59 58 52 70 86 87 54 46 37 89 24 75 64 97 68 59
8  39 45 58 0  38 24 99 30 58 91 43 4  32 82 46 13 67 19 90 27 60 35 17 64
89 27 14 58 76 11 9  67 92 64 80 95 23 3  27 2  95 48 64 35 32 96 58 49 9  84
12 88 96 48 26 41 17 43 79 74 14 75 76 49 29 69 26 27 80 42 16 57 38 40 42 15 23
78 37 35 19 11 93 21 39 33 59 22 45 32 45 35 0  76 66 45 57 9  59 29 73 2  40 14 47
67 31 36 19 12 41 84 90 99 97 99 62 11 41 85 72 44 41 74 88 51 20 51 78 59 26 57 90 40
80 56 85 1  68 68 65 34 69 4  69 12 20 69 90 20 96 84 20 65 56 1  71 69 79 59 31 1  71 30
1  24 97 54 3  80 37 5  43 73 84 64 40 59 78 33 75 77 13 53 95 72 87 67 99 48 9  78 5  17 22
33 70 36 71 10 42 22 62 43 25 15 98 65 72 65 54 0  2  66 38 15 92 72 86 79 34 68 69 91 97 71 65
80 17 98 6  16 27 53 63 0  88 44 70 41 95 85 87 81 79 50 24 87 44 25 84 57 66 38 88 48 94 36 99 42
43 11 12 49 95 65 0  64 41 85 31 30 57 75 43 35 76 4  66 27 73 48 84 8  84 80 14 94 24 34 65 10 11 27
10 66 43 33 98 66 54 85 42 86 97 31 87 47 63 33 84 13 20 97 28 31 98 79 12 18 20 6  75 90 17 25 3  70 10
44 84 17 17 62 39 33 88 73 17 26 57 33 62 70 24 44 97 94 13 32 40 62 59 75 77 23 42 67 87 87 68 89 35 15 72
17 29 0  64 47 80 4  16 65 72 35 27 92 39 85 74 88 49 71 71 49 22 4  93 12 90 28 69 46 47 13 25 3  94 57 3  16
29 49 86 49 15 57 2  16 93 65 79 38 82 76 96 35 13 0  93 82 52 15 50 27 84 9  59 3  65 10 84 85 3  77 98 95 30 16
28 58 16 81 19 83 18 70 74 84 21 92 41 12 32 78 8  2  40 8  66 22 61 31 43 49 62 96 13 85 37 38 85 80 14 81 42 71 7 
19 13 84 0  71 2  14 35 73 86 62 81 2  35 36 79 73 21 13 79 26 95 79 6  51 16 26 67 55 17 36 46 93 95 21 34 60 29 54 62
51 80 32 3  90 46 71 52 11 67 45 23 96 79 98 78 73 37 1  36 80 48 6  65 37 22 24 97 10 79 56 53 69 14 0  11 97 9  30 7  95
63 37 44 46 87 14 49 16 37 29 31 77 65 84 88 73 5  73 8  17 38 24 3  16 89 75 39 6  22 32 53 72 4  50 69 76 24 98 79 97 51 18
59 53 50 17 36 97 17 80 82 72 87 30 65 87 2  41 56 88 67 79 31 60 47 30 80 3  51 90 91 92 16 68 66 43 37 29 17 12 51 34 63 77 49
88 99 35 37 54 49 56 69 64 25 7  87 45 80 51 78 32 46 20 71 13 82 96 90 91 76 35 94 61 38 1  11 72 85 31 8  59 10 38 40 28 9  6  9 
84 39 89 55 97 20 59 48 48 80 92 86 28 13 64 30 43 0  8  11 97 89 27 22 33 57 51 14 63 18 40 37 98 48 70 67 25 81 75 57 6  80 95 64 16
71 29 88 24 73 99 9  93 62 47 31 11 8  36 42 84 14 11 99 6  34 94 42 43 24 41 7  76 17 79 94 61 50 14 22 49 84 12 97 96 80 3  10 32 18 17
19 68 41 54 5  12 88 72 92 94 62 77 81 15 81 76 36 86 13 90 36 57 54 2  10 91 88 97 13 82 64 98 5  90 65 38 27 1  28 58 74 2  43 34 75 81 77
91 11 22 84 18 54 58 88 68 37 50 77 48 75 62 61 22 72 10 68 43 71 51 20 43 47 24 56 94 40 50 8  99 12 74 22 12 63 52 47 60 74 87 71 83 0  5  20
89 45 51 57 71 30 66 12 24 94 34 58 42 21 83 51 30 95 88 81 5  77 50 67 31 71 74 56 68 6  79 54 92 39 41 16 69 18 40 14 1  46 9  0  31 25 35 65 0 
7  21 60 40 53 42 59 79 99 82 1  26 18 70 87 67 94 1  72 96 15 15 22 54 16 72 59 28 85 52 63 74 34 36 22 21 54 36 88 99 16 75 53 79 47 44 81 40 66 47
74 82 37 27 3  94 38 24 82 66 47 30 56 67 20 20 56 26 51 47 43 65 43 54 98 79 71 81 25 97 25 28 47 52 67 87 35 88 80 18 64 63 17 76 22 4  10 41 85 77 3 
87 30 23 55 21 42 30 71 99 54 46 9  76 30 3  91 30 96 11 12 79 59 40 65 49 10 53 58 24 65 3  30 66 12 38 12 15 85 30 0  91 89 0  86 74 81 16 73 52 36 55 69
56 45 18 37 84 20 16 23 78 4  96 4  38 99 97 57 46 98 50 84 25 51 73 33 74 81 42 49 85 91 41 4  77 95 48 40 84 53 95 0  89 4  92 94 15 62 9  44 31 24 30 81 86
81 16 74 86 47 4  18 34 99 82 89 96 29 26 86 67 22 89 65 17 97 60 25 1  72 30 95 53 3  14 95 74 29 5  68 69 59 68 50 20 49 1  13 62 75 60 44 79 64 78 91 83 42 30
1  23 32 56 94 38 61 35 73 44 56 61 31 48 1  78 39 28 1  94 33 81 0  93 31 72 41 51 93 31 19 76 49 79 48 67 32 34 19 5  46 46 38 53 32 42 22 51 78 47 68 61 11 23 85
60 97 49 28 69 41 39 79 61 71 13 85 98 60 4  78 99 39 58 62 29 7  15 28 72 6  69 62 82 0  19 56 22 79 87 12 36 41 93 90 79 9  97 53 99 13 8  38 3  84 69 18 29 19 58 62
12 68 38 67 89 43 18 90 52 28 94 46 53 74 21 4  32 87 57 49 13 39 17 23 87 56 97 44 94 5  74 2  80 74 5  88 95 69 53 59 6  56 98 25 18 8  66 97 19 48 22 71 85 14 45 35 68
90 79 8  66 2  4  0  21 4  32 16 81 55 28 14 86 41 28 18 58 12 29 52 72 79 97 32 83 86 36 48 33 48 53 81 72 73 5  59 22 39 1  51 71 15 46 85 98 15 22 77 72 22 45 33 47 64 44
87 3  20 89 27 27 92 91 73 60 77 42 75 44 58 83 11 23 54 5  73 77 89 28 33 71 34 47 26 79 20 72 19 0  67 66 79 27 11 91 94 93 88 96 26 6  20 42 36 94 46 72 66 34 9  39 86 52 58
77 66 22 9  75 51 69 75 61 18 17 28 74 36 73 78 90 53 84 53 91 56 52 93 84 13 14 75 35 20 8  87 40 93 79 26 99 70 12 15 49 20 12 27 19 85 27 92 88 0  16 38 23 52 6  57 42 11 6  3 
9  52 79 64 8  47 58 10 18 28 69 77 46 41 37 81 27 20 37 54 17 17 39 49 65 22 25 72 32 10 6  63 59 10 44 46 9  5  82 88 96 67 87 54 60 82 7  1  27 8  71 85 1  80 9  30 99 27 13 19 92
96 21 26 49 83 83 95 13 52 18 66 26 24 69 8  20 26 18 87 78 77 68 37 50 53 49 5  28 90 45 86 30 56 21 57 50 84 34 27 10 58 37 58 2  75 37 93 89 61 80 16 75 18 83 25 3  6  93 16 28 60 46
7  96 10 42 92 66 70 92 26 25 5  18 17 2  5  29 84 7  52 97 55 0  58 2  47 24 12 77 24 88 29 11 15 97 66 28 30 46 1  2  41 18 12 5  55 53 33 27 93 24 5  30 78 74 26 39 40 27 14 76 36 67 89
75 20 24 41 58 3  94 86 75 30 26 34 20 34 59 78 93 81 75 84 92 41 49 64 74 9  76 74 94 95 72 8  88 49 61 72 12 73 63 80 42 17 6  7  17 1  50 53 30 43 9  42 50 88 57 23 92 4  81 25 80 41 53 60
86 53 83 2  18 3  97 58 92 52 38 34 62 11 36 63 26 55 6  16 52 14 72 48 38 23 83 33 48 64 96 0  26 36 49 67 2  77 60 44 35 93 68 79 11 45 64 3  89 65 30 10 22 83 23 23 8  6  23 22 93 14 39 44 95
8  71 24 25 60 33 27 60 91 33 64 92 85 44 80 61 95 56 72 86 13 51 86 97 34 1  28 13 8  10 78 53 93 67 59 83 42 55 56 7  81 48 82 31 23 16 6  64 53 64 53 7  97 16 14 94 18 11 34 92 12 73 87 63 93 44
98 66 86 11 44 77 0  32 26 79 79 31 75 81 30 6  25 8  20 77 71 72 87 40 65 75 77 9  0  11 33 13 81 53 35 77 58 90 18 52 12 10 97 95 41 54 76 58 73 16 60 24 97 14 29 14 56 56 89 74 73 70 4  63 92 45 21
95 80 54 3  94 28 66 43 72 24 92 0  69 37 78 16 7  19 82 36 16 52 89 0  34 95 79 45 87 6  15 48 69 29 65 11 70 13 56 63 21 57 72 45 13 38 77 42 85 35 91 82 8  21 34 84 5  65 90 52 14 42 23 26 75 68 3  74
62 8  86 45 58 33 15 70 71 86 80 58 80 6  93 42 22 87 19 56 80 20 38 97 27 4  69 19 52 26 36 7  33 87 61 48 18 59 94 55 64 27 24 96 7  7  75 15 39 86 48 46 43 33 10 82 56 40 50 34 63 75 20 91 21 24 42 77 56
65 20 79 41 48 68 9  11 69 7  43 59 94 98 29 83 6  95 30 88 72 22 3  73 62 99 66 23 46 27 65 54 58 1  21 30 22 35 23 2  64 40 48 73 35 0  99 95 18 70 34 77 94 49 80 79 81 80 96 49 27 86 90 63 21 40 28 61 67 6 
20 38 3  33 13 32 14 81 9  14 5  55 16 78 5  18 30 32 19 18 32 71 80 41 78 49 38 75 89 76 41 97 10 11 68 58 5  96 42 64 4  13 94 83 68 98 86 95 45 94 17 46 93 77 39 60 49 59 95 67 95 1  65 56 91 35 89 40 44 64 45
18 99 8  59 61 80 27 40 0  86 14 13 63 12 72 54 29 31 43 27 91 27 28 37 80 72 0  26 72 81 66 89 36 60 10 38 82 13 79 80 29 80 98 54 83 69 15 87 38 68 79 43 52 72 51 1  27 84 53 82 87 51 25 58 19 1  88 87 64 90 82 97
34 44 27 66 10 66 71 85 44 10 66 94 76 85 98 82 42 75 30 17 58 35 92 7  61 89 38 22 74 85 59 14 51 14 26 12 49 97 19 69 40 40 65 41 70 6  91 55 48 83 52 37 8  39 7  85 87 50 24 64 85 47 55 49 17 63 49 66 94 62 2  11 41
29 76 6  9  12 68 36 12 15 37 58 98 44 28 72 41 99 65 56 59 25 21 20 56 51 0  10 57 63 29 58 93 81 69 65 97 20 42 23 72 6  73 48 37 6  40 59 13 94 42 99 18 31 3  40 79 14 87 41 18 88 93 75 32 0  84 8  90 48 23 67 6  72 85
74 36 3  22 81 24 52 7  77 19 53 57 6  36 36 18 37 99 43 30 21 68 9  36 76 15 31 92 31 33 50 45 27 40 57 85 55 72 97 40 81 51 34 40 43 45 66 40 12 33 29 95 69 22 1  95 96 65 94 75 82 90 71 44 68 10 40 44 64 35 71 96 34 42 78
0  14 22 71 37 6  34 75 96 77 4  77 83 27 54 28 56 97 23 30 48 26 75 3  58 98 43 41 58 28 49 75 13 39 25 54 91 5  90 39 99 59 57 92 11 35 74 57 56 3  82 81 94 48 43 34 52 13 72 65 5  40 94 56 36 50 38 21 81 17 54 70 78 34 52 41
23 0  12 3  90 84 21 59 61 17 89 99 75 88 30 60 73 65 84 86 12 60 45 58 77 48 84 34 43 84 83 34 30 1  27 72 37 92 41 89 2  72 66 20 25 36 4  57 3  69 10 87 43 63 66 62 91 56 83 22 58 71 89 72 24 30 54 93 18 15 54 31 28 65 84 27 94
13 46 54 98 28 16 30 90 20 34 15 13 77 93 17 17 56 49 45 19 45 92 61 57 63 79 22 29 35 61 80 65 53 41 87 11 9  1  70 97 84 1  37 5  27 30 53 43 59 81 80 83 35 57 71 57 34 30 17 6  32 80 3  71 99 2  8  77 19 43 0  18 35 65 90 22 76 65
25 91 90 23 89 67 1  8  19 11 34 88 44 24 54 59 42 45 15 39 97 42 69 60 82 40 72 83 38 15 16 94 70 87 4  79 13 82 73 23 88 16 80 79 50 42 32 33 2  91 30 11 84 25 28 15 15 11 2  39 43 3  53 95 14 7  91 40 61 81 35 60 57 58 70 55 65 33 11
89 34 89 63 80 17 8  95 33 52 69 54 38 97 16 74 3  42 48 14 95 15 41 23 8  52 56 67 21 48 0  55 26 72 3  72 41 19 4  58 17 99 36 23 61 65 3  85 79 67 30 10 45 55 85 91 48 68 33 91 51 77 42 19 34 56 33 85 23 19 38 47 96 84 66 96 8  91 91 36
28 38 92 85 72 94 31 4  67 10 57 75 17 74 25 16 14 87 97 10 95 4  53 58 49 55 83 88 52 43 27 48 1  2  12 42 19 72 67 65 12 28 97 38 27 1  60 86 63 34 41 92 54 1  99 22 25 93 14 8  71 97 40 79 40 75 82 79 5  51 54 49 5  97 48 63 49 81 73 45 62
13 82 59 22 60 63 27 36 38 40 59 94 42 45 71 73 57 42 47 27 4  48 24 56 12 46 13 71 32 22 28 78 39 89 62 12 50 61 24 83 41 81 3  34 62 37 10 47 95 70 69 44 59 74 2  44 86 21 14 16 17 5  55 49 41 8  43 87 56 30 11 58 83 65 97 48 99 79 3  83 64 41
10 60 72 8  23 4  27 92 18 59 85 8  53 53 25 62 31 50 64 81 5  89 67 83 87 8  41 66 32 33 52 80 77 6  69 43 65 61 85 27 88 9  82 50 18 63 81 39 24 78 0  38 95 49 53 45 55 70 49 12 85 38 51 29 67 96 98 80 2  1  76 98 64 23 39 71 47 7  81 90 10 39 40
72 97 51 75 90 43 77 76 11 24 7  81 44 61 75 81 66 18 75 73 85 89 82 45 38 79 98 87 19 62 13 40 66 10 96 15 25 9  44 78 42 6  28 67 56 41 21 36 92 98 31 64 5  11 87 92 33 89 41 42 92 39 14 96 0  32 21 35 93 71 75 1  35 1  77 51 4  2  82 36 34 61 51 60
56 40 1  5  24 72 69 4  47 24 65 65 29 25 35 28 57 93 75 42 61 86 74 28 68 34 19 13 87 93 19 50 33 21 58 48 33 58 56 49 21 9  80 38 50 8  17 1  15 21 64 62 85 62 60 76 93 71 56 59 17 14 89 21 78 57 56 42 13 58 62 50 36 50 40 82 2  95 62 33 76 70 67 13 63
35 10 22 1  7  48 13 85 36 52 90 96 99 32 57 19 74 91 23 92 99 80 67 71 20 21 1  34 34 89 63 16 26 13 61 24 53 1  29 97 37 27 84 82 12 36 62 59 68 40 69 27 17 39 29 52 65 29 61 0  25 40 47 37 71 2  5  31 53 7  56 24 77 62 47 7  88 66 35 6  42 78 92 97 23 68
67 40 0  94 76 4  22 34 89 86 12 33 69 72 84 26 79 36 47 26 79 45 86 55 0  41 76 69 18 66 19 60 98 92 27 20 38 46 54 0  81 57 34 8  20 39 44 8  54 64 83 98 22 47 24 91 16 50 58 16 33 51 40 91 84 34 69 38 14 57 82 47 64 90 9  75 35 51 50 33 65 53 89 5  74 10 19
32 80 30 38 29 93 44 7  27 74 96 96 16 57 17 45 51 94 61 87 26 10 60 26 21 71 79 83 4  3  22 38 83 76 79 2  93 3  90 83 8  94 5  87 24 27 6  81 1  8  60 80 1  10 30 28 3  68 49 89 37 20 51 14 25 27 89 33 41 58 30 71 89 72 65 73 51 78 45 22 46 10 71 77 15 93 55 18
83 45 23 5  58 46 13 68 1  67 22 96 9  62 83 74 63 45 53 34 64 42 69 16 19 27 89 68 36 10 54 95 9  28 45 74 66 81 89 97 12 97 22 21 26 18 70 78 11 31 38 67 96 42 7  25 40 70 95 56 60 3  49 3  0  78 89 59 68 69 57 50 36 80 87 95 41 30 55 57 30 2  99 40 57 65 54 78 12
20 39 44 33 83 10 87 66 90 27 0  40 96 90 97 83 5  58 1  17 20 95 16 54 82 42 57 96 10 33 25 76 64 36 91 72 79 54 96 83 68 87 65 92 26 5  1  79 86 19 52 11 81 7  18 26 78 53 7  98 18 5  53 78 6  21 1  78 58 65 12 7  12 36 68 64 77 39 9  30 61 78 64 23 35 38 64 77 78 78
68 71 6  84 6  59 4  9  52 77 43 73 13 24 31 68 43 22 57 23 80 35 28 14 73 48 20 41 37 70 70 33 21 1  49 21 85 80 52 39 17 19 87 18 15 3  37 5  93 87 70 95 97 55 65 81 88 78 81 73 24 62 17 7  20 13 52 54 67 13 7  68 71 22 41 74 52 42 29 46 42 35 28 46 86 48 78 13 56 13 23
6  5  4  64 58 26 70 8  80 73 83 15 19 97 35 79 26 88 0  1  5  80 98 15 9  31 40 91 42 60 73 73 6  37 95 66 52 65 49 48 76 91 33 51 81 70 46 39 55 82 71 0  76 83 92 99 44 64 30 96 17 61 58 28 84 93 47 24 63 62 82 25 21 15 68 35 62 7  29 1  10 55 78 99 84 72 8  55 2  80 32 35
64 76 92 96 17 16 1  89 86 5  57 68 42 6  72 50 3  20 36 68 55 50 97 40 36 90 69 71 17 77 83 9  7  94 31 46 81 63 47 74 44 89 61 17 11 38 7  57 3  54 7  41 91 55 31 68 24 46 65 33 3  55 51 86 52 41 14 64 88 97 63 60 81 40 61 68 39 12 85 30 3  26 20 59 88 24 2  3  84 41 89 24 74
0  3  67 31 57 97 84 81 46 81 98 16 45 37 61 15 36 7  61 22 60 73 5  36 94 20 4  6  85 28 4  33 41 3  48 81 7  93 85 89 90 68 7  95 24 59 82 96 46 3  64 53 81 89 21 6  12 69 5  99 98 2  97 83 59 61 67 38 65 80 27 51 26 89 61 97 32 68 5  14 3  5  53 32 81 20 50 57 71 15 80 22 38 24
15 7  58 91 16 28 30 50 2  97 93 66 82 0  55 16 46 50 52 29 70 54 11 31 96 31 31 34 51 86 89 64 59 10 9  74 9  29 33 73 28 10 32 7  41 65 33 84 19 73 57 12 7  70 76 46 66 53 24 37 10 68 82 36 27 10 18 72 7  28 99 67 33 6  96 31 34 22 56 73 62 60 85 93 42 92 17 29 0  9  54 1  84 60 49
