58
0 
24 78
34 0  54
99 14 99 33
73 44 71 95 78
84 46 44 51 71 87
36 5  73 30 97 82 70
75 40 48 32 56 34 98 64
48 96 22 10 41 1  15 88 66
99 70 10 3  59 20 15 61 93 95
97 80 21 82 20 43 91 79 13 30 49
81 15 52 77 6  16 57 78 95 53 17 2 
46 81 65 62 35 25 51 2  14 78 21 68 85
93 85 57 93 21 86 57 72 55 69 47 97 13 74
6  81 32 33 28 2  20 13 21 19 37 40 30 35 78
92 39 99 15 37 80 48 52 29 26 67 90 84 64 29 75
34 28 45 28 89 73 55 34 54 90 55 78 71 39 86 37 58
53 32 80 23 11 3  50 57 82 70 64 29 36 88 75 45 49 76
27 34 94 64 39 65 37 88 56 44 77 91 82 31 70 15 13 1  18
9  58 49 84 10 98 13 89 85 92 84 25 84 18 71 41 30 24 92 41
69 80 9  22 55 92 51 73 15 96 4  6  86 24 43 59 37 89 50 23 23
19 22 83 57 11 9  57 0  0  91 54 6  6  60 17 53 93 30 61 99 53 40
28 54 18 20 62 79 98 41 3  53 24 96 26 89 69 61 33 84 83 97 16 2  96
45 5  65 67 80 33 77 40 61 49 62 59 0  90 27 57 32 58 79 31 41 4  58 97
19 49 39 41 9  40 99 30 44 61 60 36 37 11 69 0  65 23 55 90 72 42 37 33 46
57 60 63 15 12 71 39 5  1  4  86 14 80 40 81 11 0  38 21 29 13 85 17 53 74 56
8  78 13 87 82 59 11 70 0  30 49 21 69 57 84 43 46 44 21 45 13 23 82 75 84 61 66
58 80 90 25 42 6  68 47 95 26 0  95 99 90 41 31 4  20 29 46 12 65 89 45 99 45 16 53
24 22 29 45 6  1  19 11 59 26 76 24 62 33 50 78 37 71 47 31 85 12 77 83 42 9  99 32 39
52 93 45 1  60 70 43 72 55 18 93 10 85 70 24 15 88 84 15 87 74 8  78 61 55 1  97 76 34 11
0  70 35 62 32 76 47 90 5  13 56 7  95 36 29 74 0  16 49 31 62 74 60 25 31 35 57 2  85 30 52
72 70 12 20 55 14 39 38 87 46 14 13 55 15 90 12 25 28 28 56 79 29 16 38 49 0  56 82 33 46 25 86
28 71 53 85 97 76 72 31 65 92 30 89 80 97 71 88 71 66 84 22 89 87 48 41 62 79 60 46 0  70 95 92 82
84 27 58 3  5  99 42 5  73 20 82 91 73 74 5  83 38 89 26 33 80 49 91 87 64 95 19 85 60 22 5  13 36 40
51 61 52 38 42 56 13 9  76 75 84 4  94 3  51 57 74 1  8  5  28 95 70 54 75 9  69 92 91 11 19 21 74 59 6 
41 90 74 86 3  55 92 15 27 53 56 19 55 14 77 40 2  87 50 77 72 59 26 83 1  65 44 59 86 69 3  55 18 26 41 60
24 67 85 25 52 30 12 3  2  35 1  36 59 9  4  21 11 59 4  56 84 98 16 46 76 39 12 21 81 43 97 76 31 40 8  69 50
21 43 63 21 56 88 26 8  96 38 18 95 64 64 14 44 7  69 16 3  56 81 7  34 18 86 3  90 18 36 84 18 39 84 56 56 75 75
22 7  98 76 20 98 26 85 85 50 97 9  34 48 86 35 85 94 96 11 33 26 99 86 97 90 2  67 10 25 78 47 86 47 84 53 80 66 34
45 30 98 49 69 87 93 85 35 35 5  49 17 73 9  98 87 7  75 57 7  20 42 69 59 5  88 51 73 6  93 37 60 54 16 14 55 74 5  92
62 36 83 28 56 53 91 72 44 99 58 21 99 11 65 72 49 45 57 49 88 61 15 18 83 63 43 76 12 3  4  38 99 15 75 24 91 48 2  72 50
0  33 18 88 81 11 39 10 35 88 69 93 30 7  46 20 15 87 43 62 38 41 43 20 55 98 77 38 70 86 7  40 19 64 57 36 87 99 37 49 18 55
23 20 97 73 21 5  85 13 55 8  96 38 11 50 10 94 89 13 75 99 29 21 0  80 67 32 4  50 8  14 56 78 20 87 81 31 27 25 8  72 59 6  61
27 5  22 51 44 42 60 9  48 49 8  37 21 81 81 43 95 18 44 94 0  60 52 67 51 95 74 13 2  81 82 97 91 1  94 92 21 68 93 24 88 16 11 99
20 76 51 18 46 65 7  10 12 7  39 61 82 81 92 5  74 85 23 9  10 79 66 45 79 16 90 21 67 75 44 46 6  98 17 74 30 26 44 29 55 57 66 0  66
82 1  15 42 96 59 66 16 22 14 34 7  85 56 23 32 32 3  63 58 93 11 47 85 58 47 80 52 96 72 80 64 76 17 90 4  11 77 81 40 38 66 67 23 69 85
9  76 82 59 64 71 61 40 28 62 56 39 4  89 1  94 12 35 17 71 74 37 51 87 90 90 49 68 67 22 34 21 41 28 12 23 97 68 11 24 43 99 25 0  69 50 99
31 61 5  55 3  32 39 84 81 79 91 58 51 44 73 46 83 1  58 30 63 70 58 83 64 8  63 9  13 23 59 70 80 6  34 89 51 44 75 88 36 48 93 44 98 93 51 84
43 9  16 52 24 5  31 40 66 9  34 90 38 91 8  30 64 79 39 35 6  89 22 25 63 48 1  15 33 83 48 77 79 4  50 90 73 67 76 90 70 32 18 3  31 95 99 58 27
82 47 99 42 31 22 39 22 50 81 55 96 87 61 7  29 63 54 54 86 51 90 96 15 76 25 6  89 42 42 48 24 41 88 23 80 29 67 38 30 38 23 79 47 50 88 26 2  66 57
20 35 59 15 82 79 6  23 60 62 42 80 3  56 51 32 45 83 19 28 1  5  16 52 45 9  47 38 96 20 74 54 83 73 90 2  65 90 85 73 64 31 20 70 39 89 99 42 97 74 96
63 19 84 38 59 75 81 65 12 8  54 28 12 24 63 60 14 48 10 18 91 59 30 10 79 71 87 70 71 28 14 92 69 5  7  30 94 62 22 31 95 22 34 44 18 1  29 98 35 54 59 12
77 26 39 64 80 11 43 10 20 82 79 98 8  7  2  23 10 77 22 55 36 11 93 41 30 1  13 58 21 82 17 88 86 69 93 19 70 64 57 96 12 41 16 84 4  80 92 93 63 81 22 66 70
71 75 46 72 72 31 22 34 0  93 77 44 75 25 4  11 4  53 10 3  40 75 65 60 18 12 59 75 35 98 27 74 79 16 82 53 14 30 47 78 9  83 30 54 32 2  79 63 49 99 27 62 65 36
3  26 9  79 33 45 6  55 40 43 59 31 78 52 40 93 37 62 20 36 66 42 49 23 7  73 22 36 5  12 52 18 26 12 85 32 45 98 18 1  77 85 30 52 58 91 70 79 39 83 11 76 29 43 27
36 78 78 50 43 47 75 80 46 6  84 43 93 83 49 68 19 5  90 24 57 73 22 15 5  46 28 37 1  95 43 77 86 84 44 55 11 93 13 9  7  10 16 34 65 7  36 63 22 93 18 44 78 1  25 53
4  92 56 75 41 51 43 61 13 44 37 63 99 99 74 30 24 74 31 34 74 11 77 22 23 15 42 55 84 85 19 9  39 79 77 19 12 36 17 1  29 41 28 12 31 14 21 12 44 51 96 16 89 89 48 85 44
24 50 58 22 84 61 89 48 15 70 99 63 59 12 35 99 50 9  68 12 16 93 59 42 20 64 75 19 18 37 47 2  69 80 2  66 24 27 3  88 16 24 16 22 45 71 89 77 46 30 41 13 53 55 29 7  96 96
