61
67
23 48
72 40 17
89 65 52 88
91 70 94 16 58
39 48 81 34 0  15
85 68 24 90 3  95 73
37 78 40 91 80 77 34 51
0  43 94 81 62 82 71 40 44
41 44 47 18 51 85 9  17 25 31
14 39 1  95 64 47 47 53 51 42 18
95 78 23 51 93 60 36 63 17 73 11 23
56 27 10 1  43 38 50 18 59 94 37 72 50
30 95 28 39 56 64 31 91 41 31 46 31 90 82
63 43 40 37 23 50 24 13 46 25 54 54 89 67 20
63 14 10 79 89 70 96 82 28 65 35 73 20 81 99 29
35 13 44 90 91 34 47 8  77 70 94 13 85 51 42 96 61
31 41 7  57 77 1  44 13 61 67 59 34 38 89 89 99 26 70
28 18 66 83 85 56 4  87 67 89 95 91 93 64 24 59 96 58 45
6  95 4  91 35 31 10 98 11 99 30 89 7  23 21 25 27 29 45 44
83 61 52 79 62 68 11 59 4  67 91 90 96 61 55 7  62 20 62 51 21
48 42 46 47 21 61 6  88 39 99 76 45 29 31 48 59 81 54 23 42 37 62
86 51 90 87 53 76 55 34 49 93 84 46 71 72 44 90 46 5  78 31 3  20 51
82 75 54 41 66 48 93 71 65 79 0  81 28 13 27 71 2  62 5  59 40 80 77 72
24 72 13 97 30 19 86 7  28 24 56 53 2  21 21 43 97 26 35 60 28 83 93 97 63
97 14 26 52 75 25 50 49 14 72 9  14 13 78 12 3  88 11 96 0  50 91 60 68 80 52
12 74 83 60 3  56 24 95 64 30 75 26 17 18 7  14 45 83 8  72 90 35 98 82 24 50 43
55 94 24 90 23 46 85 67 5  79 91 82 93 65 73 79 96 56 66 16 20 47 55 7  44 36 4  16
83 81 57 74 37 31 89 5  67 84 30 95 97 17 71 3  51 92 3  59 21 56 34 87 32 34 20 63 73
74 9  45 91 72 10 35 97 64 64 34 31 5  79 51 99 60 65 15 78 92 34 89 32 48 51 66 99 22 82
46 50 94 64 47 10 98 77 83 56 77 67 64 46 8  86 11 12 55 48 61 87 74 98 69 30 15 43 33 21 65
70 18 42 86 22 16 92 64 27 9  95 15 70 68 82 40 61 26 33 74 20 11 95 86 9  90 60 54 96 59 25 14
35 14 66 31 20 55 6  72 23 30 2  2  87 2  14 58 29 86 59 35 69 39 89 8  30 75 55 26 31 92 9  7  2 
2  1  39 10 68 22 79 0  80 12 21 50 98 83 69 47 65 16 8  99 63 12 84 93 69 57 37 83 29 71 35 90 63 57
97 47 28 7  25 48 65 3  19 6  9  27 39 65 76 69 55 80 47 52 98 81 73 29 31 73 84 94 4  91 19 7  4  70 97
94 89 80 14 13 44 27 12 83 81 57 18 71 87 75 34 70 61 62 90 25 1  50 96 94 48 52 98 88 85 84 17 50 18 99 52
6  98 96 82 27 73 76 14 25 44 66 43 77 82 95 14 73 49 29 48 12 79 63 39 91 13 92 74 87 28 78 8  89 10 33 74 15
26 76 20 83 41 68 63 2  35 85 37 12 96 99 5  46 60 87 26 24 50 6  94 51 47 33 98 1  14 86 43 49 31 65 17 49 37 85
18 42 13 50 56 67 83 45 32 2  59 32 55 96 70 59 43 5  23 97 91 66 62 27 47 35 59 33 16 73 56 91 38 82 75 41 56 99 70
39 94 84 25 6  52 17 93 73 71 59 80 96 97 64 13 26 0  3  87 97 52 69 75 83 61 91 37 1  80 78 16 63 19 87 85 15 33 18 6 
71 39 50 67 33 48 20 90 52 36 73 28 22 25 93 43 12 14 47 90 3  7  17 72 99 96 34 34 77 37 23 50 61 40 14 58 74 51 12 75 67
70 15 50 16 57 41 35 64 22 64 67 67 58 57 85 5  62 88 17 37 21 79 83 9  25 61 4  93 16 31 17 82 57 55 15 5  58 28 97 25 49 85
50 62 26 3  20 87 22 44 55 12 25 79 54 82 37 24 66 24 2  19 79 16 80 33 6  18 29 98 45 30 86 49 30 16 88 73 8  54 8  97 32 75 93
34 64 22 96 26 41 43 13 20 69 89 73 28 23 55 20 5  88 2  38 96 19 40 96 67 11 28 37 70 40 60 85 73 43 33 82 68 13 64 12 13 76 15 21
1  79 68 69 7  52 6  22 67 33 33 71 16 85 47 61 86 84 45 92 49 27 93 43 94 9  14 12 24 15 91 91 23 42 32 90 93 56 98 28 68 75 0  47 72
8  93 91 46 2  26 82 90 69 55 93 13 77 65 99 41 69 31 45 18 47 68 41 25 57 64 84 17 96 17 5  31 21 93 67 83 17 42 71 99 71 35 45 85 25 64
75 0  45 25 88 84 32 9  33 76 45 76 65 30 27 73 32 79 76 30 27 61 59 34 72 75 62 2  39 4  9  28 1  3  66 54 4  30 20 82 40 66 45 94 83 43 36
15 2  5  48 12 94 66 47 82 75 63 82 3  3  96 98 75 65 45 81 65 76 25 7  40 48 46 58 22 53 78 34 36 0  47 25 53 51 67 74 72 94 48 50 49 60 39 39
3  85 35 46 0  53 34 94 46 67 64 29 25 10 61 66 13 98 3  41 10 70 22 57 78 72 40 57 43 57 86 87 67 70 90 93 0  15 70 71 74 57 7  78 13 50 33 55 33
93 77 99 56 92 63 36 91 78 50 72 43 96 97 61 32 57 73 37 76 97 44 71 39 39 22 12 57 55 68 12 79 54 50 92 3  3  18 82 23 1  62 42 41 87 10 32 4  66 38
3  93 11 49 41 54 47 38 65 34 97 17 8  15 11 2  4  72 42 36 63 47 19 24 11 41 70 62 44 15 92 88 91 92 85 18 7  34 92 14 63 53 93 1  24 37 48 60 76 6  56
35 66 6  71 29 98 94 73 33 39 86 52 87 13 12 90 91 85 20 76 44 18 82 43 57 45 21 49 12 60 91 73 42 86 98 75 42 75 59 48 56 70 59 96 77 59 53 59 41 77 1  49
81 45 27 74 4  72 89 77 70 97 45 6  20 42 94 57 64 4  91 70 22 34 25 99 14 31 52 32 81 50 21 2  83 66 63 54 5  3  65 73 89 44 69 15 49 1  78 21 14 4  9  48 50
7  4  26 10 66 11 18 71 91 34 43 48 29 79 65 77 53 79 93 68 90 23 6  27 45 78 87 38 78 95 51 13 4  94 24 73 32 71 13 89 32 81 64 33 79 1  91 46 24 41 65 41 83 14
43 71 39 70 49 44 98 2  56 65 99 73 31 0  36 70 0  14 88 27 11 20 54 3  11 73 77 8  11 7  1  93 62 48 40 39 88 5  46 50 7  69 63 64 86 77 87 45 61 56 20 70 37 75 24
94 97 57 46 72 8  7  4  9  92 9  81 18 70 33 34 97 57 54 70 87 89 34 52 71 40 69 42 93 17 65 30 46 32 85 75 95 17 78 54 36 37 34 54 28 41 28 73 12 39 79 98 16 31 37 85
63 63 42 21 89 80 1  98 56 78 74 67 47 62 74 57 28 81 84 25 61 48 22 21 74 76 2  94 5  40 27 19 97 1  67 87 72 28 99 47 4  44 41 34 47 7  27 59 72 35 92 96 6  86 57 47 77
91 35 94 22 83 60 59 2  35 75 20 0  68 93 95 5  9  17 70 81 37 27 77 47 88 78 21 10 80 30 68 45 44 88 46 89 7  61 1  42 69 42 7  73 18 78 59 78 5  71 80 11 26 92 95 40 58 19
99 13 74 3  68 78 5  63 5  92 3  33 82 63 45 39 37 79 4  79 43 67 43 53 89 27 82 48 74 87 58 23 29 83 16 48 13 55 61 52 21 86 7  66 42 66 0  78 8  43 96 62 16 78 27 61 80 13 9 
12 43 32 95 12 33 76 0  18 35 49 95 13 82 36 61 73 25 7  2  77 47 95 78 14 75 55 12 43 9  64 45 9  48 10 62 53 25 86 32 16 86 20 89 31 73 3  70 62 99 90 20 68 36 28 11 48 63 67 74
37 90 23 62 11 54 82 3  94 35 17 42 82 8  36 11 26 83 27 20 58 21 59 46 3  80 5  20 42 74 69 69 62 24 1  27 5  19 58 7  92 3  83 36 79 5  90 6  89 47 51 53 87 99 36 60 37 69 89 96 54
