39
48
93 88
92 82 73
59 53 2  12
86 79 26 2  65
80 72 17 7  69 59
59 59 64 68 71 18 80
58 64 98 47 47 32 47 37
67 42 43 91 10 50 47 92 9 
39 62 31 84 15 25 68 77 39 57
70 11 92 10 40 19 28 40 96 67 2 
55 12 81 16 0  72 66 48 60 47 55 88
96 27 35 54 7  21 23 33 28 69 43 57 90
83 67 86 79 80 3  17 31 28 87 79 13 37 25
51 35 79 6  55 48 76 57 66 50 61 0  89 82 68
11 31 31 55 11 51 57 25 30 37 13 23 98 61 11 12
31 54 3  51 97 32 32 27 3  70 85 85 19 16 99 5  30
13 74 84 65 80 8  73 66 13 97 95 81 72 25 51 3  39 94
14 56 67 37 40 89 19 7  34 18 14 76 89 28 7  30 55 68 90
76 66 94 17 23 3  45 45 89 24 47 11 38 62 28 52 21 14 18 63
30 37 31 66 18 2  42 25 62 8  99 47 13 13 28 79 47 60 52 73 70
30 2  32 43 93 91 15 72 37 3  49 6  94 60 13 58 2  38 96 87 98 89
6  16 67 53 77 97 97 25 29 92 98 37 78 90 47 42 22 36 26 65 60 33 28
44 84 95 95 54 95 47 7  96 24 54 98 9  20 96 42 3  13 76 52 50 44 46 31
49 50 10 72 79 64 97 3  45 7  86 3  9  18 68 51 57 37 68 47 11 19 16 68 78
44 54 94 90 90 26 41 42 42 50 4  26 0  19 20 92 96 95 18 37 42 58 94 30 60 27
71 48 69 69 2  43 80 99 50 52 81 87 94 79 80 19 81 79 96 85 80 66 4  77 87 17 57
90 14 9  37 40 16 37 47 33 86 40 60 79 57 35 88 26 89 56 3  91 51 48 56 19 64 3  73
24 24 58 2  87 47 18 3  99 94 26 91 42 54 24 50 71 59 7  42 2  4  27 34 22 50 36 98 28
37 69 1  62 75 91 8  65 36 62 68 63 16 84 39 70 94 2  15 47 97 39 79 29 24 26 46 42 65 34
80 31 82 4  92 8  72 75 73 56 25 36 34 87 56 79 75 97 76 29 2  87 96 0  13 7  43 69 23 23 65
56 32 27 60 78 26 76 52 51 81 98 76 37 44 77 52 3  48 55 47 20 53 8  24 48 39 48 94 6  65 1  43
77 58 3  6  16 91 88 57 21 91 9  58 54 20 84 1  74 65 56 8  16 30 4  39 86 61 70 22 35 91 21 74 76
15 45 21 39 29 16 47 70 16 38 30 19 99 21 13 70 71 42 72 45 56 40 17 57 53 94 82 3  58 17 33 67 72 0 
87 83 19 4  91 67 25 37 28 9  23 57 76 36 28 65 41 68 90 23 39 73 67 17 9  35 22 37 56 94 52 88 77 41 62
83 21 52 73 35 87 0  80 20 41 97 91 73 96 13 38 12 82 71 21 76 34 74 64 85 96 69 90 41 48 18 91 1  47 55 22
93 52 38 46 20 90 75 97 55 86 51 43 48 8  41 99 33 95 6  58 39 53 53 47 36 96 82 88 44 97 34 71 16 20 25 28 88
4  72 83 24 15 6  20 60 66 91 16 93 97 13 17 58 8  88 49 50 58 36 54 89 72 2  96 67 87 86 47 58 47 50 1  15 1  68
5  8  73 44 65 71 29 44 43 30 22 13 12 7  44 88 44 75 74 10 83 85 32 47 20 27 12 2  93 11 69 90 68 22 22 51 89 40 75
