57
0 
71 31
51 77 83
45 61 3  44
41 15 52 35 68
27 22 3  28 69 69
5  70 42 21 85 71 65
86 30 58 42 37 22 96 49
31 95 50 32 29 10 30 46 35
5  78 88 45 65 37 43 44 92 80
16 65 26 12 91 5  26 67 98 29 45
78 80 17 44 47 1  79 8  88 80 42 57
35 32 13 18 96 2  43 53 43 62 35 55 13
50 42 76 74 50 91 60 64 39 50 53 58 38 47
21 55 62 86 74 76 51 27 52 44 55 96 4  80 47
94 91 64 60 81 61 83 4  57 97 12 53 21 31 24 19
25 75 66 84 10 64 18 89 73 86 51 67 23 4  33 98 74
64 74 42 56 56 22 99 98 20 59 8  39 27 62 50 26 96 40
93 83 74 97 31 97 30 30 52 17 31 76 76 18 74 34 34 85 53
98 80 13 16 25 37 5  6  33 24 44 21 24 53 49 93 72 80 46 8 
59 77 31 38 25 91 8  46 1  77 1  67 72 1  94 55 12 54 14 24 87
19 16 83 12 57 22 19 99 69 66 84 42 33 58 86 43 1  61 4  97 51 28
95 21 10 85 37 46 88 84 53 87 11 6  0  21 5  14 9  16 72 84 59 27 97
82 94 3  36 1  23 57 29 28 61 88 82 17 61 41 9  3  21 2  80 76 10 82 40
79 79 3  31 45 30 65 65 56 82 82 14 44 71 48 78 55 36 1  70 29 44 54 85 7 
14 0  9  21 21 60 13 94 14 82 77 32 99 36 46 41 59 37 36 75 38 60 95 43 57 61
68 62 31 29 8  54 32 44 88 8  56 23 9  40 43 9  97 71 52 5  25 44 22 55 1  8  70
7  72 42 6  88 90 34 47 11 33 88 75 36 83 44 12 41 19 15 24 52 48 6  2  52 48 46 62
10 73 28 31 86 66 57 25 6  38 38 96 9  25 55 38 48 68 32 46 60 97 53 11 8  70 91 23 52
97 28 4  89 65 96 32 37 60 31 54 59 77 35 7  20 37 97 73 35 42 20 75 73 98 29 37 64 7  60
98 41 30 45 15 83 52 50 22 86 53 54 38 25 58 70 33 69 72 94 48 96 55 14 27 51 74 58 28 29 42
43 51 36 24 34 29 7  92 47 88 49 81 58 82 77 40 73 8  51 45 68 60 32 94 18 41 20 20 66 27 87 82
93 47 12 35 74 18 13 12 33 33 79 4  86 4  31 32 68 22 44 43 73 87 17 50 85 34 5  67 67 21 28 13 22
67 88 7  6  60 19 92 35 56 81 77 60 40 90 53 48 67 12 60 89 83 74 43 64 46 74 20 41 80 57 11 61 21 31
3  15 21 20 77 84 15 13 7  63 27 90 30 5  92 63 92 10 34 55 33 95 89 30 26 32 40 86 59 81 26 64 71 68 30
36 3  38 89 9  37 84 23 21 70 59 22 16 85 53 15 21 51 56 29 70 27 95 32 74 83 40 66 51 90 77 63 86 36 6  7 
84 94 45 41 6  6  69 26 18 40 1  45 33 55 42 65 87 52 79 45 43 84 47 48 92 85 36 9  94 43 88 49 30 29 12 28 17
23 96 8  50 43 63 94 14 14 66 56 95 62 60 25 88 14 71 91 20 30 4  68 97 40 39 66 73 84 40 69 37 23 72 76 48 14 61
13 50 35 16 87 15 30 93 61 0  89 37 24 70 82 21 55 92 32 98 65 22 17 69 86 6  51 65 98 50 86 21 15 9  64 63 95 95 66
94 72 7  91 5  28 52 51 85 8  29 62 19 59 23 20 80 32 43 4  7  66 42 44 0  47 57 87 68 80 33 75 52 45 85 18 2  85 41 12
77 42 57 66 75 18 35 72 40 63 25 99 92 96 34 75 11 6  62 99 86 90 29 4  34 21 27 73 76 66 91 32 18 89 93 92 46 80 49 47 15
60 53 94 87 24 35 31 0  8  82 21 46 12 51 25 84 81 25 68 6  52 40 86 26 91 67 54 71 69 72 30 21 29 6  97 63 12 63 22 87 12 44
58 91 92 15 86 27 29 13 83 30 62 76 46 17 0  36 25 37 32 21 57 43 39 6  70 73 57 4  23 3  92 96 66 3  95 75 6  66 33 20 87 43 35
37 22 39 10 18 87 87 43 72 94 56 66 59 37 87 46 34 27 81 62 21 15 55 41 29 78 39 22 96 22 33 38 7  49 84 54 14 40 96 66 82 28 60 30
69 22 50 51 63 71 14 26 49 30 30 32 8  13 95 57 45 40 31 21 28 13 89 49 25 42 62 81 73 44 39 58 60 38 59 72 43 71 91 33 21 35 72 8  65
11 70 34 62 80 58 0  93 22 30 0  83 60 83 27 52 65 91 72 39 85 74 99 17 89 60 71 43 76 90 21 45 69 83 58 97 51 86 61 27 67 7  17 49 74 61
41 8  50 93 19 86 76 66 94 41 3  25 98 10 17 94 29 51 95 22 47 75 74 75 0  80 53 4  28 47 64 93 12 48 29 41 0  19 13 18 24 88 27 33 12 54 17
45 81 33 28 67 99 33 87 88 36 50 78 13 62 50 67 7  77 84 76 83 70 28 9  42 59 32 24 33 23 89 81 22 44 13 60 69 1  28 79 71 80 62 5  25 62 54 65
94 85 1  35 29 80 35 54 66 10 68 43 41 68 76 73 12 35 28 27 63 6  6  4  67 58 11 59 39 44 3  99 26 30 79 96 1  61 13 57 42 79 93 6  83 69 66 23 93
68 2  5  93 71 79 90 16 99 55 15 54 88 84 71 26 33 55 15 12 7  28 2  11 16 71 22 43 58 53 21 19 62 60 44 3  75 44 56 67 67 10 23 16 87 43 8  46 90 65
54 9  11 75 90 59 40 56 1  79 35 86 95 42 10 14 94 16 71 59 38 10 1  18 53 79 86 76 15 9  4  54 56 40 78 46 83 23 39 8  72 66 96 40 17 67 89 40 98 31 55
58 42 60 76 26 15 51 15 19 82 94 91 31 14 39 14 5  53 82 14 70 35 61 83 55 2  43 78 98 34 75 53 32 96 49 42 40 97 24 78 67 67 42 29 3  33 46 85 3  96 39 53
41 45 5  50 45 68 21 11 90 20 97 19 31 78 89 51 74 67 84 48 75 35 48 83 62 28 28 81 46 61 29 96 87 42 71 79 94 45 39 71 64 57 23 61 58 6  87 8  88 76 69 81 91
71 2  8  6  52 12 81 41 8  54 22 73 13 18 46 54 80 86 80 53 85 40 54 12 65 63 58 3  71 69 35 38 38 61 80 63 65 98 48 54 30 46 6  41 74 95 98 94 42 51 67 82 28 96
68 25 24 53 99 37 45 26 17 97 69 71 20 41 99 22 54 1  56 79 51 23 24 56 57 90 7  90 79 42 89 70 32 5  89 41 52 44 48 51 84 99 16 18 33 76 82 22 92 91 35 65 2  43 47
59 79 32 2  98 51 6  60 20 16 74 30 72 35 2  21 20 0  5  39 0  85 49 29 17 81 47 25 45 45 22 67 85 75 58 85 4  61 66 97 50 89 69 20 72 18 44 17 82 98 51 95 74 17 41 51
10 68 9  94 79 46 13 78 2  98 49 21 47 35 59 72 84 8  62 47 4  62 72 15 17 33 16 98 0  98 24 39 58 61 0  30 33 13 5  73 77 82 29 80 48 76 81 21 17 43 49 23 64 36 65 47 37
