19
69
69 92
87 75 37
95 45 45 68
49 15 98 10 49
45 30 32 72 54 20
55 68 51 13 19 1  29
32 75 60 56 31 69 9  7 
60 93 51 94 18 73 34 44 16
90 42 27 30 79 72 12 76 74 4 
86 57 99 33 15 37 46 11 64 14 71
57 78 17 81 73 65 2  64 83 71 18 5 
11 32 99 65 79 62 50 66 70 34 51 68 51
4  99 83 51 31 5  75 73 16 2  9  97 72 72
22 17 83 76 68 94 48 41 40 86 55 22 68 13 11
89 12 82 35 12 40 97 70 75 53 84 74 48 7  34 52
67 50 39 52 89 52 59 8  17 55 85 39 21 49 39 79 27
91 45 3  54 25 74 61 55 1  76 74 8  53 9  51 98 25 94
77 35 78 74 39 9  82 44 11 77 98 97 18 2  65 23 81 14 61
