68
6 
24 77
4  94 13
41 18 82 88
25 61 80 73 59
25 68 64 88 65 12
8  13 4  5  32 91 54
34 58 61 97 87 39 94 92
36 99 60 90 71 36 28 9  62
55 67 71 46 18 23 51 27 28 74
0  65 5  41 53 28 63 98 80 18 13
59 49 58 35 2  6  12 78 11 81 83 14
2  82 79 68 86 4  90 59 46 53 89 42 62
3  70 42 45 59 44 40 13 13 6  18 65 43 79
83 56 1  4  5  98 84 6  5  84 46 48 5  52 29
81 72 90 62 2  84 44 35 79 36 16 47 55 58 4  94
7  15 65 14 53 23 48 51 35 28 4  55 58 77 36 99 85
48 16 7  75 1  70 69 91 88 20 37 50 18 9  97 31 98 14
37 81 11 91 23 61 59 14 56 15 99 98 22 55 36 73 28 31 57
92 39 90 38 13 12 38 61 70 20 49 51 44 47 35 52 74 44 9  1 
1  97 87 86 94 28 35 81 65 58 35 99 75 99 15 86 52 70 93 79 64
52 88 96 67 79 59 98 47 11 66 83 8  53 3  60 13 37 22 70 88 53 64
21 3  74 75 18 42 67 28 87 74 93 86 48 5  51 27 85 97 6  2  88 54 50
30 23 31 3  34 79 71 31 98 37 86 84 97 1  90 70 50 72 27 31 69 1  63 53
12 59 6  63 78 20 45 89 71 53 76 96 15 33 76 72 4  82 64 14 76 86 7  81 14
27 78 97 79 88 42 44 20 87 80 95 3  22 51 89 56 73 55 24 17 40 31 89 84 93 17
51 99 23 48 54 13 99 59 33 6  98 29 29 92 16 96 19 41 44 21 67 71 43 50 94 87 35
44 84 27 22 3  76 45 66 85 48 0  30 99 74 2  86 54 54 93 52 33 12 48 15 22 13 65 2 
53 60 1  78 66 92 22 36 5  38 58 89 56 94 20 48 12 14 95 50 76 62 38 33 83 34 90 20 94
8  26 34 57 64 71 90 91 30 92 71 61 52 3  10 76 35 45 25 95 6  74 51 7  55 36 76 92 97 46
98 9  47 61 13 92 11 6  74 12 72 99 39 79 33 22 31 25 77 43 39 39 49 22 34 36 70 78 90 90 8 
26 78 96 82 89 37 52 17 86 79 75 87 76 59 42 82 6  81 60 46 56 52 80 26 88 1  38 64 75 14 75 63
32 38 79 11 91 47 15 10 78 2  2  78 15 15 52 33 67 7  81 91 94 96 33 53 10 87 82 23 88 16 13 50 62
73 67 82 34 0  56 23 2  58 70 51 92 29 59 20 84 3  85 98 44 12 70 68 88 91 83 2  15 16 91 50 77 64 98
44 47 79 8  27 94 91 19 59 43 74 98 65 93 57 57 96 39 86 63 0  94 56 14 68 26 5  96 51 82 72 71 42 27 63
78 89 87 63 82 35 16 90 21 89 5  34 19 72 60 59 39 4  93 57 36 84 58 15 97 51 28 70 1  98 50 97 22 65 11 40
88 14 92 4  35 92 75 40 61 25 27 16 44 82 25 81 64 53 26 11 82 46 91 96 58 7  84 36 10 88 7  99 11 11 37 38 32
39 72 34 41 98 12 91 17 57 73 55 96 33 74 19 67 71 90 58 61 21 14 27 87 36 57 37 80 20 58 46 76 89 96 79 59 29 62
2  29 48 27 31 29 13 29 60 87 77 12 78 15 65 43 69 90 86 26 87 24 52 19 95 84 8  10 54 63 36 93 24 52 69 28 83 63 14
85 55 96 51 12 0  7  61 99 32 86 43 18 84 55 31 87 27 81 75 14 61 53 1  44 33 36 72 12 88 25 38 60 31 98 90 68 36 2  50
1  82 37 24 29 86 43 8  99 5  15 17 45 34 11 29 48 33 14 99 95 16 96 53 2  24 95 70 99 30 90 8  81 1  51 93 12 71 13 69 17
8  55 72 82 40 98 41 76 26 49 80 93 22 66 86 83 37 6  94 73 31 37 76 14 90 6  49 98 28 44 44 66 79 63 97 97 69 30 95 72 78 77
20 2  52 32 53 85 60 82 79 48 15 57 14 2  80 9  45 6  4  45 60 54 31 48 0  18 39 55 52 2  45 56 86 10 22 12 10 19 74 46 48 50 71
49 86 37 39 93 34 93 39 48 83 53 76 98 97 57 2  52 65 82 32 60 66 35 45 24 22 52 16 32 32 69 4  88 22 4  66 12 72 75 68 47 30 7  92
56 40 46 66 68 80 54 67 51 39 38 48 6  24 15 54 46 31 69 32 33 27 75 75 77 55 64 15 46 23 74 24 79 84 63 94 69 94 98 3  85 64 61 84 48
25 10 67 96 28 37 27 87 10 95 8  40 33 98 3  43 49 73 46 20 78 96 60 66 0  27 74 64 27 43 39 15 73 36 47 55 56 25 66 37 54 46 96 85 46 81
36 79 42 69 62 70 55 50 18 16 32 25 71 95 68 5  38 46 69 29 7  25 18 67 46 48 92 48 64 47 6  27 20 64 86 73 49 8  34 28 99 60 76 19 42 68 25
36 41 64 45 42 9  42 89 97 75 74 40 19 90 53 10 95 50 72 6  9  48 94 93 10 48 2  47 5  40 33 67 10 10 60 55 13 2  35 14 94 29 66 79 59 7  28 20
99 21 4  74 55 2  0  52 23 55 85 97 48 45 20 74 22 1  93 50 13 42 22 13 51 50 45 42 26 33 63 53 33 91 88 91 51 93 28 85 28 60 6  26 92 78 38 86 86
91 32 41 38 15 30 81 73 75 94 61 14 57 40 50 70 55 10 91 65 39 51 31 74 75 51 99 95 64 83 41 70 48 57 82 1  94 53 51 11 67 23 58 35 85 51 72 69 81 26
66 84 13 47 32 10 95 28 81 13 45 34 27 16 0  8  47 64 72 2  56 58 64 23 30 77 45 80 21 39 17 38 27 81 6  29 78 15 16 14 95 13 34 94 98 72 74 38 29 49 43
77 60 92 74 21 6  40 35 60 19 84 56 2  53 23 1  58 94 23 82 70 64 43 29 32 54 51 36 4  26 42 31 42 77 98 9  42 41 84 10 52 43 68 40 4  91 17 29 59 99 59 76
3  53 69 78 77 37 96 59 94 38 36 85 75 29 16 65 78 67 19 30 89 2  1  67 39 20 5  65 40 84 57 60 34 29 48 95 46 88 47 36 76 24 65 98 6  71 70 8  52 26 47 88 62
83 20 12 77 79 54 25 39 60 65 53 37 7  14 22 54 49 3  44 27 37 51 92 51 25 15 64 56 30 59 76 42 81 6  49 45 35 79 32 2  6  20 28 8  66 68 65 3  82 73 80 62 7  38
68 48 60 79 74 98 75 81 95 40 57 91 3  32 0  44 22 43 76 66 13 52 11 69 19 92 72 21 39 58 4  47 49 57 17 2  15 50 9  62 44 19 61 79 48 74 90 79 35 53 98 50 37 14 44
67 9  35 45 38 49 53 48 95 28 68 95 33 10 39 7  16 22 60 5  61 10 13 33 24 82 33 13 44 37 48 40 59 36 16 82 65 87 57 81 7  18 19 66 6  85 62 52 43 92 16 15 47 70 52 28
10 14 34 6  40 60 36 5  17 89 52 60 34 90 60 24 53 93 8  43 33 61 87 38 12 97 77 77 6  16 71 47 96 82 99 36 93 1  0  34 79 65 43 12 90 64 57 21 52 18 53 78 13 10 55 71 42
63 89 2  67 32 55 77 91 12 43 11 5  9  61 85 21 24 56 80 88 42 50 98 77 96 1  35 65 82 31 95 78 47 6  38 40 49 64 78 97 3  29 16 18 66 8  58 67 12 95 32 51 22 1  58 48 77 17
61 9  0  85 83 7  85 39 90 18 55 64 94 18 23 4  53 38 38 51 92 85 27 89 79 40 95 18 24 38 74 43 38 26 11 90 63 97 85 84 56 32 7  19 64 76 8  98 73 22 27 0  80 83 56 57 92 50 96
14 93 27 91 5  9  95 98 40 31 89 95 80 87 9  26 32 39 55 95 99 14 17 97 23 73 22 70 9  73 35 60 85 29 66 73 64 57 59 73 56 52 13 95 57 33 36 87 75 97 80 29 43 9  16 76 13 73 43 9 
6  39 61 29 90 56 3  85 51 53 27 56 26 45 49 74 55 64 68 50 25 14 84 8  68 79 15 55 65 42 33 54 76 94 56 77 97 29 66 65 72 59 42 0  47 71 53 1  90 40 55 31 54 83 16 32 58 3  12 69 87
83 37 73 53 6  21 82 85 51 92 68 29 56 49 3  43 95 86 44 1  3  20 36 45 10 18 61 59 26 72 98 19 78 41 35 54 0  54 28 99 86 70 34 0  35 28 22 67 19 73 91 96 69 31 28 38 63 16 46 91 45 16
52 8  21 3  92 80 95 18 52 94 94 62 91 3  96 64 53 54 44 83 29 48 74 15 87 41 12 68 22 23 22 55 36 29 16 16 18 53 55 32 98 91 58 84 31 28 44 72 72 71 30 20 5  34 61 90 46 62 98 35 36 12 83
14 75 19 51 91 82 8  62 0  61 70 67 88 88 80 75 58 76 94 91 8  59 35 36 87 68 49 24 20 82 21 43 78 65 97 62 61 31 46 80 79 36 13 5  84 87 23 96 54 62 78 31 47 95 79 26 24 82 11 84 97 65 75 59
5  86 0  30 87 59 64 61 17 76 90 72 39 49 8  40 38 16 39 26 80 82 13 28 55 9  2  87 32 44 43 50 30 41 52 1  10 69 48 88 1  42 12 18 73 94 83 55 81 24 46 42 73 30 4  78 59 8  23 7  90 4  37 92 97
47 33 9  24 29 61 15 98 88 91 24 52 85 27 2  11 79 36 16 44 18 65 11 59 41 46 22 48 21 56 95 49 97 29 75 80 41 61 88 96 48 19 86 52 71 13 95 88 52 12 19 62 39 97 6  87 31 79 17 10 5  54 95 42 13 65
7  6  85 56 71 14 74 84 16 6  77 13 73 74 97 22 38 76 14 29 82 2  7  96 5  59 23 16 87 95 48 47 68 50 0  80 51 99 91 50 5  81 67 81 58 98 50 13 78 44 1  49 99 84 62 95 28 29 64 21 33 38 61 53 12 94 78
37 45 43 68 65 18 90 81 11 82 46 24 75 35 64 84 51 29 63 63 58 90 76 30 33 20 84 60 65 33 75 71 16 63 16 83 68 4  84 10 60 93 55 32 47 79 73 76 69 4  23 30 84 18 59 68 70 99 0  58 6  44 28 45 26 43 9  72
