97
53
56 76
59 33 87
89 41 3  60
48 84 27 53 81
74 81 45 65 91 64
15 96 52 73 30 26 28
41 65 54 36 25 76 76 99
87 50 55 54 90 34 8  98 61
23 5  33 25 57 59 58 27 9  19
17 35 78 62 67 1  12 84 46 76 15
20 84 57 92 51 16 92 98 87 18 34 63
4  31 44 84 91 38 18 1  67 97 65 0  39
1  0  89 56 3  67 99 17 95 47 36 31 14 49
30 63 56 4  0  14 34 78 81 28 59 59 56 68 79
14 52 94 88 27 42 38 89 71 20 2  39 24 58 31 88
61 79 71 20 1  69 17 9  43 26 20 82 33 32 61 5  63
90 32 60 65 44 66 99 2  74 56 93 45 32 74 69 80 0  20
11 11 53 8  83 75 66 14 56 39 5  13 7  12 9  20 89 81 54
24 81 12 9  9  58 30 68 3  22 61 38 60 42 73 29 78 32 21 33
70 20 78 60 20 3  30 12 5  63 69 66 43 98 84 81 47 3  78 74 62
89 87 52 47 87 86 62 21 93 4  57 7  66 0  54 75 42 16 79 2  21 63
55 97 49 46 66 65 12 99 53 55 42 0  80 9  17 87 20 49 57 7  30 94 33
1  61 63 84 46 7  77 84 22 87 45 6  4  47 71 46 58 7  78 17 64 72 76 38
54 8  81 6  52 82 47 14 16 60 18 25 46 27 82 81 51 67 87 23 13 23 36 52 94
21 68 47 88 95 95 31 33 58 54 98 82 9  29 36 82 53 10 59 48 35 18 6  83 95 32
58 44 17 2  89 53 39 99 15 20 98 80 22 31 62 55 72 52 47 24 63 50 13 79 20 5  38
38 37 11 12 81 36 38 95 13 69 90 53 98 98 48 5  68 19 92 79 10 68 90 45 20 18 9  91
66 76 48 33 30 88 87 76 38 9  88 55 63 99 26 44 35 29 99 60 8  41 38 27 66 52 88 29 31
84 26 80 12 4  41 0  33 71 44 21 6  11 60 64 85 81 45 78 44 79 84 21 93 74 24 22 86 78 8 
93 86 50 49 3  79 15 80 22 86 15 8  30 57 12 29 76 57 89 8  96 97 97 66 61 26 80 45 31 69 91
66 93 7  76 34 46 74 20 46 43 57 67 33 66 53 64 88 47 75 73 1  28 47 32 93 96 96 74 92 79 21 33
49 38 58 40 43 11 92 43 61 36 77 47 33 16 35 75 50 77 23 14 22 71 97 29 15 66 88 40 29 20 40 41 73
97 61 32 60 45 47 98 52 30 36 52 84 78 47 18 39 44 68 8  31 34 92 16 9  82 88 4  93 36 79 56 95 64 78
51 94 64 95 3  85 27 78 94 66 55 75 11 31 0  69 45 37 48 20 19 64 96 9  62 46 48 67 11 11 17 49 75 85 32
39 63 90 60 47 89 8  58 51 4  18 39 80 84 91 9  88 76 3  15 22 59 46 71 80 25 18 5  82 51 30 29 95 99 21 10
4  31 55 25 29 50 34 3  89 71 22 87 17 57 35 82 2  98 51 40 65 67 11 7  69 88 68 7  90 94 74 23 69 39 62 22 45
69 25 39 80 96 33 40 2  61 42 98 4  32 58 43 15 63 43 95 94 34 73 28 22 39 20 84 13 75 81 43 92 30 42 73 13 7  56
97 6  8  62 97 80 81 76 28 53 54 74 63 76 72 20 97 1  19 55 38 77 43 36 7  22 41 24 16 42 77 18 98 95 94 55 40 32 21
91 34 52 28 84 1  64 41 34 61 90 85 6  32 75 34 96 44 39 78 52 86 23 75 10 81 74 5  15 36 85 54 32 34 48 32 95 84 30 94
42 39 26 18 57 15 32 33 96 17 80 90 3  35 88 68 57 23 84 40 18 20 27 32 11 30 8  54 36 83 34 70 3  56 51 47 78 13 77 54 34
41 16 71 22 73 57 88 5  8  21 23 42 3  24 48 56 48 21 49 43 80 10 14 75 32 54 98 8  1  97 43 81 30 80 67 26 48 49 66 51 33 18
26 3  39 25 38 87 97 52 84 47 62 75 19 93 50 80 23 88 93 95 69 8  83 98 41 32 99 16 99 34 64 59 50 92 12 98 51 56 93 91 83 20 50
3  10 93 19 8  11 71 25 33 96 11 7  55 48 76 1  4  52 4  8  19 57 28 98 93 7  6  67 79 29 44 49 65 53 61 98 75 27 55 87 47 47 83 50
63 3  98 35 83 2  75 34 57 58 1  95 96 27 26 78 59 68 33 70 8  18 92 3  14 77 39 57 37 85 56 64 12 47 21 14 63 16 59 77 52 62 50 65 5 
23 51 20 76 51 65 21 89 84 57 83 40 82 26 32 14 50 80 54 93 50 84 61 15 57 72 45 99 0  42 3  72 19 60 90 62 17 36 13 17 92 22 59 74 71 20
76 13 15 69 42 79 46 27 25 78 42 84 53 59 24 36 85 25 85 77 63 35 86 35 72 20 65 21 14 88 45 59 78 30 26 76 10 69 85 10 92 93 96 56 76 22 98
71 25 93 62 45 35 12 21 53 52 63 81 31 87 77 77 81 78 63 24 75 77 71 78 12 54 88 11 67 35 57 52 56 98 80 3  94 88 79 96 60 6  80 96 83 5  4  75
40 34 76 19 97 95 86 56 36 86 9  3  22 26 11 57 81 6  39 73 26 20 75 34 92 43 62 83 32 20 68 88 80 44 76 17 66 6  44 94 54 61 27 79 64 63 68 98 66
28 81 66 36 22 58 66 60 55 83 29 32 60 9  79 86 0  85 32 62 49 74 61 7  96 1  56 63 83 23 50 9  34 65 33 77 28 42 1  72 59 62 7  33 88 73 15 8  8  23
29 25 77 67 55 49 25 27 91 71 24 8  35 26 3  10 75 13 89 34 13 18 42 37 70 29 77 74 84 43 55 54 51 95 38 8  74 7  46 8  25 38 89 4  57 37 98 94 75 1  68
3  29 11 4  58 7  28 40 89 92 10 70 31 17 86 17 66 25 39 20 58 5  63 12 67 18 30 51 26 33 86 91 92 74 59 40 18 36 7  88 60 34 63 33 57 80 19 49 72 41 34 9 
18 89 48 98 97 51 80 74 40 56 88 24 51 98 15 91 13 2  15 40 92 63 50 79 20 40 54 29 84 59 54 43 98 17 4  36 13 17 13 70 46 11 94 50 90 17 16 95 64 51 38 64 2 
45 72 9  10 36 45 71 11 78 56 59 56 16 72 69 16 70 31 78 45 43 5  16 49 94 70 73 43 99 47 81 30 39 16 71 23 63 72 14 75 6  76 14 45 90 8  53 17 21 7  64 66 8  61
87 51 50 58 18 87 0  39 35 51 67 82 73 69 53 1  95 25 49 48 10 50 19 69 4  71 42 3  31 88 90 27 4  35 10 35 7  61 45 59 22 69 80 88 18 31 31 4  78 44 7  84 58 32 53
28 25 99 32 55 78 79 67 84 42 41 54 76 20 56 98 91 13 36 12 29 81 8  24 93 23 43 19 81 35 64 72 73 4  67 50 34 27 7  7  75 78 76 97 68 86 54 21 70 28 48 55 33 90 62 57
28 81 18 42 42 48 15 19 14 86 28 62 96 67 78 18 89 95 12 95 32 45 74 50 11 62 57 42 98 71 74 15 90 91 41 74 84 4  16 41 12 38 47 25 32 36 79 74 0  22 65 97 52 86 0  61 53
25 23 5  90 74 57 43 96 38 36 30 41 11 87 76 82 5  50 79 74 50 66 42 28 71 61 62 3  44 61 70 23 73 84 46 96 18 30 52 12 77 35 54 11 36 65 56 66 58 58 69 90 67 8  34 72 41 11
29 29 33 96 92 94 79 47 48 30 88 2  74 74 21 68 1  82 4  40 78 63 14 82 61 2  46 73 29 53 49 28 7  96 71 8  11 58 69 35 88 91 66 82 75 45 47 63 62 28 98 58 36 50 82 98 49 27 79
10 52 69 85 99 38 39 61 99 36 42 69 76 11 31 81 80 60 42 41 77 55 42 39 72 6  37 36 68 95 25 82 26 63 49 56 21 59 44 7  21 42 5  25 91 48 68 11 26 9  65 15 4  27 90 42 49 61 19 51
73 25 99 19 98 45 62 76 48 33 29 68 35 84 33 43 39 89 40 64 48 2  36 61 35 2  57 90 81 35 46 74 19 66 16 45 12 29 45 85 15 10 48 52 61 2  42 5  12 57 12 16 2  55 83 42 42 49 21 17 54
18 73 27 51 48 77 62 80 23 88 20 67 85 23 88 22 19 18 97 71 42 60 99 58 14 78 73 59 47 19 18 10 60 65 27 87 61 3  29 50 84 79 56 1  94 90 7  8  94 42 39 32 20 66 63 42 64 87 50 55 48 14
92 55 2  63 82 36 99 29 31 8  71 67 66 70 39 74 37 33 42 4  37 6  96 36 95 67 91 56 18 73 46 46 63 37 82 45 18 37 7  72 17 84 15 27 58 21 86 22 18 73 6  27 96 62 61 87 77 86 90 23 39 67 30
95 18 13 82 22 50 99 9  91 9  36 92 5  21 32 53 45 97 94 48 89 55 16 88 1  49 6  12 83 70 2  58 45 73 39 4  38 27 71 51 36 35 71 57 23 76 58 61 44 28 79 52 87 1  36 26 32 68 0  82 7  10 28 3 
56 76 20 33 7  15 61 33 52 29 20 54 34 51 59 44 45 20 65 65 85 19 52 85 41 7  61 18 27 9  91 20 24 88 29 23 37 64 6  2  42 50 79 63 91 46 6  17 64 77 36 46 59 82 53 33 49 55 71 76 41 85 67 88 88
90 76 79 6  63 36 30 1  55 35 62 85 63 36 41 92 59 56 72 20 11 49 2  75 89 21 51 38 15 98 26 6  21 58 67 26 62 7  65 28 62 12 48 59 40 72 72 51 4  91 78 59 17 11 61 39 9  86 71 68 26 21 31 5  42 42
10 33 66 86 47 91 87 9  98 28 21 79 10 35 29 58 30 35 97 47 58 88 97 32 15 39 74 28 81 47 38 35 56 1  32 34 74 79 66 64 40 76 41 22 74 82 77 96 1  25 16 67 87 89 36 98 2  63 5  19 92 43 17 3  84 7  42
68 28 98 7  33 23 84 99 99 37 31 22 40 23 32 30 77 4  11 79 30 61 97 58 47 17 77 52 92 22 76 60 61 73 97 7  35 41 32 89 58 57 54 63 22 4  37 35 42 21 38 63 12 21 62 38 89 84 67 93 22 66 64 14 10 84 94 58
48 35 87 25 31 76 65 55 48 29 47 61 40 69 90 81 94 91 57 82 38 36 53 19 64 20 26 47 5  16 97 75 24 84 94 47 69 42 55 55 61 59 35 90 76 7  80 98 35 33 52 24 3  1  28 4  23 34 47 52 7  86 90 99 11 82 92 38 83
10 84 0  76 23 33 51 94 83 66 21 34 6  70 87 96 51 92 8  20 43 73 7  88 65 1  10 9  52 40 13 97 16 91 48 27 68 53 86 81 78 44 40 68 5  44 84 32 26 67 71 1  83 31 27 1  96 54 24 53 87 77 56 15 23 78 37 84 73 92
33 55 70 56 15 30 59 95 95 62 37 28 13 79 59 49 39 54 32 65 70 34 12 20 86 3  93 0  99 73 4  78 68 17 79 15 52 7  59 46 75 84 56 92 56 8  67 90 14 76 81 95 95 77 91 49 87 40 74 30 74 10 84 52 65 46 55 67 69 72 93
88 73 65 65 42 55 8  49 1  49 47 74 69 8  28 70 88 88 45 53 42 73 45 93 23 80 80 65 75 91 85 81 23 94 4  14 69 20 16 38 27 82 21 50 11 62 20 46 81 61 79 0  65 57 36 69 14 39 90 25 64 40 13 10 11 33 97 25 54 5  73 26
29 59 73 10 85 33 27 71 62 88 74 96 36 90 93 52 42 26 2  69 87 43 2  43 1  31 54 1  77 96 88 77 68 13 21 96 50 78 31 56 53 19 92 59 8  38 54 6  8  68 67 27 78 24 73 80 25 93 42 18 5  33 8  2  94 63 25 88 2  25 40 85 72
98 56 65 63 23 96 65 32 45 97 13 82 66 68 50 83 76 15 55 41 84 48 66 87 64 85 96 64 36 89 14 32 83 61 46 45 65 93 95 96 88 44 77 86 76 14 23 39 94 91 36 81 35 5  67 41 54 46 68 17 72 94 94 52 44 39 76 40 48 75 82 17 64 76
76 23 2  73 7  39 28 46 81 83 12 89 69 71 75 77 43 36 72 1  8  3  80 4  83 92 80 13 45 84 55 41 12 6  8  5  76 92 67 11 19 9  29 24 36 28 32 28 94 43 73 7  73 48 38 76 15 73 2  73 52 91 9  10 92 5  65 14 58 73 98 17 69 15 18
70 89 27 5  13 44 12 60 92 26 16 6  80 33 84 1  91 3  57 23 94 41 50 99 38 25 66 98 94 82 48 57 88 7  82 75 79 28 46 26 98 18 99 25 1  2  19 94 11 14 87 71 56 24 95 79 70 71 67 40 72 13 22 90 9  70 9  1  59 4  43 90 68 90 45 86
12 71 89 99 69 57 23 10 82 74 45 5  87 25 61 78 96 98 93 98 63 34 91 70 18 41 33 54 13 63 28 15 15 61 29 40 17 81 21 40 41 20 82 53 15 32 61 2  5  26 75 79 8  23 1  95 28 89 17 16 49 73 90 69 28 77 40 0  30 72 32 83 34 26 78 28 42
38 12 32 33 9  81 78 41 36 43 38 45 81 41 38 57 86 14 9  67 4  63 1  33 15 67 43 19 22 8  5  5  85 85 76 23 22 30 20 40 68 39 41 82 1  73 76 75 61 35 1  82 97 24 45 5  25 2  51 33 3  22 72 35 50 24 31 3  73 79 12 15 33 67 84 68 10 82
20 31 87 86 19 41 12 49 27 76 67 69 36 99 81 1  11 35 22 36 9  20 47 74 41 14 19 93 71 67 81 81 76 92 0  34 40 67 44 49 14 90 12 6  76 65 95 51 32 63 80 65 15 71 65 48 12 37 7  53 35 16 94 98 13 90 88 49 68 45 10 63 78 45 51 18 87 68 66
82 80 15 4  58 10 77 40 58 66 85 66 91 18 53 61 56 72 40 75 24 58 13 71 35 62 94 36 95 30 35 64 13 71 86 41 43 17 52 81 93 72 51 58 17 23 84 1  23 68 29 88 41 12 12 99 60 15 25 56 10 35 72 35 84 75 2  32 6  9  52 9  91 60 64 85 95 49 8  84
29 3  89 51 1  63 4  43 25 54 3  95 20 93 51 92 34 36 53 63 39 11 66 86 15 43 86 12 98 14 76 41 83 85 33 83 98 12 25 89 13 14 50 74 39 97 34 12 4  9  4  71 92 40 7  93 73 54 52 27 35 89 0  7  85 76 44 96 12 8  64 0  27 21 75 81 11 2  36 1  78
49 6  29 39 56 72 37 52 92 77 5  49 68 37 83 38 47 40 63 56 36 91 64 68 37 4  84 46 60 69 73 44 52 85 23 15 51 24 82 6  82 97 7  68 75 57 32 57 75 92 98 76 56 45 15 47 65 77 10 86 9  6  90 43 5  55 79 62 79 67 21 54 71 63 84 74 40 93 7  48 11 37
26 60 9  0  57 61 64 61 76 98 76 82 62 57 78 17 18 76 44 14 95 53 62 81 55 30 55 59 20 62 9  90 65 80 38 49 70 90 53 78 24 98 68 79 82 13 37 18 88 36 19 48 5  38 25 13 7  29 28 8  98 14 6  88 52 46 12 77 87 47 43 36 82 12 16 95 81 57 16 46 61 2  45
74 11 38 43 8  3  53 52 1  21 17 5  90 71 93 51 78 16 18 69 25 72 98 14 79 70 48 86 34 34 21 11 83 35 41 68 2  2  98 51 59 30 63 77 83 41 87 11 83 38 19 54 36 37 12 29 2  24 26 21 87 9  16 2  18 61 21 42 39 76 17 21 66 85 38 30 65 95 58 45 41 54 11 41
54 65 18 2  14 68 14 40 57 54 49 16 74 3  38 52 94 8  98 55 4  88 1  6  22 99 47 47 66 63 40 53 15 87 75 92 21 24 77 32 72 73 49 25 4  50 1  90 86 78 3  24 48 75 52 49 43 33 60 79 41 97 8  45 75 94 42 92 22 74 51 73 79 13 40 62 63 36 21 2  84 4  26 58 45
44 39 24 34 24 27 68 56 77 21 55 7  83 62 33 38 85 98 27 93 67 63 30 98 92 30 70 84 92 40 56 75 39 68 2  86 9  61 80 39 62 75 31 15 34 50 3  55 29 27 92 51 54 78 89 40 89 76 52 27 44 0  79 95 92 99 87 98 87 57 74 67 23 43 90 9  9  54 29 59 99 15 64 46 47 75
52 62 22 55 12 1  29 2  5  11 25 12 72 4  79 99 48 0  70 79 85 31 79 88 59 99 82 69 24 38 40 10 58 18 26 31 12 62 78 97 45 44 97 2  97 76 39 87 46 40 70 8  53 22 41 21 82 32 58 18 79 83 59 52 57 79 6  12 39 82 20 84 19 97 42 64 71 86 83 50 2  16 91 26 67 29 98
7  67 56 19 78 70 55 48 85 56 79 73 31 44 73 85 1  17 92 25 3  14 35 77 20 51 85 22 75 37 59 46 80 75 13 47 6  82 7  84 6  36 51 24 2  26 67 46 14 85 57 63 14 52 5  31 46 43 22 24 72 68 96 26 59 51 50 44 0  85 50 89 32 6  16 74 48 80 47 30 74 43 32 73 43 53 23 50
53 93 50 53 75 33 69 35 89 61 68 18 21 84 35 50 24 4  3  10 42 79 46 4  31 26 78 11 50 37 89 17 61 16 77 62 7  81 69 46 58 70 87 48 20 84 68 8  10 11 33 5  61 49 32 94 88 28 86 50 35 58 83 54 29 70 95 87 26 21 67 22 66 72 33 48 73 74 70 87 83 94 18 39 25 55 10 14 7 
58 75 96 64 16 98 54 9  8  8  20 30 55 84 78 58 19 36 48 37 56 22 87 10 42 58 22 72 21 73 58 86 8  52 39 24 4  93 14 14 92 69 21 84 12 75 75 81 25 45 99 15 59 16 92 10 31 89 58 1  70 47 20 37 39 57 48 23 26 37 71 48 93 60 4  48 75 72 18 95 10 10 60 61 40 32 57 38 3  29
83 94 47 69 83 87 41 71 33 32 23 72 73 41 88 5  48 44 34 46 80 13 5  34 88 37 19 67 71 87 29 27 62 3  63 52 80 22 58 16 78 37 26 23 14 73 62 17 10 17 31 41 9  95 14 56 5  70 79 17 64 25 87 1  91 99 90 9  46 30 4  5  30 63 10 77 62 88 35 54 8  55 72 28 11 77 72 12 11 69 54
50 77 33 64 90 83 85 6  38 76 55 10 16 38 67 60 48 10 35 71 31 36 70 7  53 86 46 66 69 9  11 80 56 22 54 52 61 71 66 40 2  73 32 82 53 78 16 37 94 29 29 11 54 87 40 21 36 51 18 19 92 98 59 95 67 19 78 93 18 65 24 67 45 51 2  67 23 82 14 19 33 22 18 35 12 84 25 46 91 84 43 10
86 31 35 24 19 11 62 46 41 37 89 79 4  85 82 1  6  45 25 41 21 23 89 15 70 34 99 10 43 81 16 62 88 21 73 75 90 12 37 25 12 17 39 45 17 71 38 10 97 52 82 4  44 50 43 4  13 77 25 90 56 19 48 28 87 11 40 15 68 30 29 9  62 65 39 7  65 43 38 0  52 21 17 99 55 13 10 4  3  0  76 77 23
40 54 95 43 6  97 84 94 57 3  68 90 25 76 62 74 36 60 32 64 73 71 44 52 83 70 40 81 3  40 94 94 4  28 42 23 29 1  21 41 1  55 72 20 22 17 23 29 65 20 7  77 93 98 58 20 80 54 91 82 97 73 55 38 68 28 76 84 93 43 98 32 42 90 10 24 1  47 69 39 65 49 30 9  4  54 61 71 73 36 67 88 5  79
75 65 19 74 84 80 76 94 21 58 86 60 30 72 87 26 96 59 81 90 13 35 58 60 18 19 53 70 92 97 62 74 75 31 48 9  19 93 80 24 44 66 74 67 33 40 45 1  54 8  35 75 88 30 1  63 56 40 48 83 0  83 5  62 25 37 78 58 18 53 93 71 58 9  85 45 59 27 92 74 90 71 98 23 61 98 91 57 24 50 48 86 38 63 86
28 48 73 1  72 35 66 0  96 69 13 50 52 60 55 42 64 19 31 79 0  5  9  78 28 45 8  1  23 21 25 64 99 94 88 76 37 92 73 36 88 62 33 11 25 84 70 98 27 0  1  0  65 14 92 90 38 82 78 72 67 89 70 35 70 10 24 78 1  2  18 58 66 63 75 26 74 30 46 31 54 92 93 97 24 29 72 21 70 13 92 24 8  98 41 61
68 78 68 8  36 31 58 43 69 71 67 0  66 34 10 51 51 40 2  39 27 85 66 64 24 79 5  14 4  91 46 81 94 1  45 36 94 37 33 62 91 46 75 73 88 97 64 51 78 89 92 47 54 97 92 60 27 3  33 25 59 93 77 84 82 24 4  58 26 2  1  89 48 39 79 12 46 90 38 86 94 9  97 48 31 60 41 73 94 23 98 48 5  99 52 83 45
