92
75
18 53
22 20 71
77 43 16 62
72 62 18 71 89
57 8  0  98 58 2 
23 69 2  83 86 66 76
73 83 18 60 64 73 86 5 
75 65 25 31 18 86 38 8  15
73 82 81 52 68 21 76 9  66 35
55 46 51 3  88 40 40 66 73 33 17
68 85 54 58 71 47 94 81 84 22 86 69
67 5  44 28 59 9  71 27 6  10 5  31 73
82 17 3  85 17 72 58 22 61 17 36 66 27 18
25 97 14 11 43 16 53 97 12 66 50 60 23 61 4 
74 81 70 91 71 54 89 77 52 22 82 76 35 83 69 59
4  65 15 52 1  8  96 7  65 96 74 19 27 22 5  71 71
36 25 61 13 20 78 41 7  59 90 76 95 10 9  18 22 60 42
3  45 83 97 1  96 76 27 5  12 82 45 57 52 71 42 81 21 12
93 34 60 85 47 69 2  55 45 57 6  94 90 94 92 54 10 90 18 80
11 50 9  29 0  26 78 61 18 34 71 88 66 75 14 75 19 73 60 52 13
6  27 26 66 67 44 62 7  31 16 20 98 17 32 47 13 57 89 39 46 16 93
38 31 77 31 26 99 70 13 99 3  53 12 6  99 98 6  32 65 57 60 71 71 21
81 98 18 52 31 44 65 29 34 67 6  49 13 28 61 2  89 82 1  71 56 57 84 19
90 51 32 80 63 49 44 35 55 83 58 98 43 10 79 23 12 28 69 90 75 78 79 40 19
80 0  20 46 40 71 41 51 27 97 16 30 44 33 2  16 64 71 66 38 40 67 72 12 98 58
46 93 74 6  46 20 85 17 74 22 13 22 29 85 23 39 49 45 89 26 17 13 68 83 28 57 98
68 17 27 79 76 21 29 59 83 36 28 4  29 24 0  62 80 53 13 68 12 80 86 36 75 51 10 97
59 60 18 47 82 35 48 26 69 0  48 29 64 19 13 0  69 98 32 91 77 14 56 12 87 82 59 71 7 
63 73 7  82 57 93 30 70 83 71 47 45 81 77 72 96 98 17 87 85 27 80 66 80 81 56 24 55 3  98
2  47 5  46 17 92 45 25 25 58 94 55 11 12 91 48 98 61 92 17 83 29 3  31 46 97 57 69 74 95 53
73 50 56 58 86 77 80 70 50 71 7  71 9  95 70 35 90 87 32 14 27 47 22 38 65 56 25 24 48 3  23 90
40 47 57 19 86 9  96 85 0  12 87 79 38 73 73 30 64 98 90 32 80 95 57 9  57 54 31 61 12 0  29 16 54
41 98 97 55 82 67 70 43 99 66 32 63 39 52 77 47 5  55 22 68 23 46 9  15 82 25 56 1  12 2  16 47 64 9 
78 41 11 97 34 59 47 16 8  88 53 83 87 71 58 60 70 57 77 27 54 19 88 29 74 17 78 61 51 13 60 63 20 38 75
54 1  6  37 50 64 89 71 16 42 97 20 94 33 32 84 39 5  4  87 77 69 89 39 9  8  85 2  42 8  68 77 57 14 14 25
92 31 17 70 67 68 71 48 56 66 49 30 31 30 71 1  50 41 24 61 51 89 71 9  57 19 60 83 94 90 69 23 50 45 57 75 26
18 36 19 66 25 99 3  85 95 19 82 17 28 51 72 91 62 15 85 99 84 71 36 92 36 21 85 23 68 7  17 20 79 47 15 16 74 90
83 83 89 0  10 7  88 43 38 51 96 0  0  71 63 91 20 32 40 92 62 49 49 99 18 36 99 66 46 73 54 66 36 68 81 44 0  25 51
93 44 91 53 25 77 56 94 81 5  56 46 93 92 64 15 32 27 74 79 65 98 74 76 3  32 73 41 24 13 36 36 82 45 43 37 65 73 4  63
33 44 64 31 46 36 51 82 53 39 19 18 20 50 47 30 86 58 82 70 29 35 81 60 48 83 4  98 8  0  59 23 17 41 19 53 61 66 19 49 71
90 32 36 13 98 40 99 11 1  69 41 66 87 78 43 95 81 27 86 87 77 54 10 82 68 79 43 55 15 68 77 88 44 34 21 7  1  16 79 9  63 58
76 94 18 65 72 4  32 93 63 65 9  95 59 18 60 18 0  67 20 25 19 88 91 4  67 14 32 84 13 1  19 33 31 55 44 11 91 73 80 83 81 95 16
40 4  30 69 60 1  18 54 7  99 72 82 71 77 25 5  62 20 40 90 9  2  30 55 86 85 42 23 26 90 48 98 93 80 42 59 8  1  97 38 34 86 24 20
21 33 79 33 94 94 96 8  49 82 2  1  84 44 99 13 90 40 15 62 75 37 71 46 13 46 57 50 55 53 40 33 35 20 12 22 78 90 6  93 92 84 88 43 77
15 11 97 84 66 43 96 46 28 15 60 4  1  58 78 18 47 29 10 70 48 35 12 85 61 87 14 88 2  55 63 68 86 19 92 30 30 43 40 21 94 30 91 11 29 46
41 24 81 45 96 27 39 52 78 25 42 99 60 4  77 5  77 99 26 67 11 11 3  21 10 0  7  7  20 79 46 73 98 22 37 45 17 33 7  1  23 58 7  36 95 15 56
53 32 15 72 39 76 51 3  27 33 31 95 74 99 5  83 37 77 87 34 36 55 26 47 22 75 57 52 49 41 43 56 2  38 2  54 90 29 64 57 69 3  82 77 65 6  35 73
85 45 66 33 75 3  47 82 21 56 6  55 77 70 29 5  71 30 78 45 12 63 7  39 4  28 29 88 66 29 24 94 59 74 81 8  69 12 34 1  74 11 78 9  98 35 51 31 25
83 39 24 99 3  0  90 54 51 42 54 69 72 51 53 25 42 88 44 74 86 17 26 16 98 59 91 38 46 84 75 51 98 91 16 57 62 77 79 66 63 44 89 5  65 80 64 10 9  94
49 35 65 64 32 6  47 43 24 19 40 77 67 56 20 3  63 65 49 35 82 16 22 70 2  1  59 77 5  31 24 23 99 4  38 83 17 57 50 22 0  94 43 66 34 2  45 24 74 6  75
99 86 38 6  82 11 34 44 12 47 76 9  47 48 27 9  29 22 78 92 80 28 68 7  75 14 87 52 52 84 51 29 87 10 96 9  56 28 72 14 2  86 21 28 95 88 42 77 88 92 94 17
68 46 41 93 97 22 12 32 30 70 17 80 52 81 32 21 82 18 83 54 60 82 86 93 76 24 5  36 48 30 22 6  44 31 43 74 63 28 13 10 56 58 55 59 46 0  17 0  42 84 59 51 95
52 4  77 98 2  55 27 85 97 26 66 58 61 7  4  17 69 46 39 12 84 11 7  38 98 81 94 13 29 36 54 98 91 97 89 85 16 23 76 74 72 65 98 66 53 22 27 54 78 99 69 15 83 1 
81 54 83 10 0  26 73 56 30 54 8  47 35 22 46 6  17 62 63 79 87 67 61 73 82 2  8  89 42 21 94 93 60 86 22 36 78 13 4  29 24 75 96 71 84 0  70 49 90 79 6  38 69 96 14
0  18 18 24 6  68 50 6  60 61 60 4  54 44 41 38 24 11 43 73 95 56 46 53 93 1  33 33 76 80 6  49 39 10 33 39 60 15 20 94 84 95 51 42 75 70 55 35 40 86 55 29 28 59 11 97
51 46 23 84 33 38 97 63 38 77 79 54 92 44 20 24 95 87 42 38 65 53 68 67 15 92 36 2  35 13 5  6  53 49 86 79 85 32 65 72 32 44 79 95 98 3  88 91 21 82 79 83 12 66 59 14 75
49 62 31 69 72 61 65 11 34 88 90 99 97 95 28 89 50 54 51 62 57 68 78 54 3  23 57 87 55 34 25 99 39 95 57 62 84 0  27 79 20 97 58 71 93 84 46 76 52 3  84 69 49 93 5  69 75 7 
92 56 27 29 46 69 9  0  7  3  82 29 58 78 70 36 44 75 31 88 70 54 34 50 25 61 48 21 33 82 32 36 48 37 69 2  30 64 65 71 96 22 88 69 29 63 20 55 25 88 9  67 48 36 72 63 26 13 65
37 42 8  45 35 1  34 76 26 80 49 55 71 63 64 75 23 62 42 24 16 39 67 77 44 36 3  5  20 55 23 91 31 50 90 48 72 16 27 92 88 93 75 9  13 57 85 76 33 77 59 86 83 85 2  67 77 81 48 56
87 66 88 0  63 50 89 48 27 39 25 96 2  77 32 42 44 89 71 79 16 37 3  94 42 63 55 89 20 58 10 91 19 49 44 77 45 57 69 11 61 28 21 53 4  14 73 62 32 24 24 51 86 7  71 62 35 40 44 9  32
40 47 58 37 66 84 91 41 73 93 28 29 51 6  95 77 13 33 30 48 16 71 47 1  64 88 53 50 49 36 13 27 48 45 62 89 58 59 25 80 69 4  60 92 4  8  22 3  16 42 2  9  83 91 28 35 79 6  37 33 0  49
0  6  89 54 50 70 25 37 90 94 78 58 30 99 1  25 19 65 18 96 78 0  92 47 23 46 87 36 21 85 60 60 36 81 64 49 99 5  87 84 93 33 16 60 5  64 47 11 38 58 17 98 99 20 20 26 22 49 42 29 47 43 78
79 87 73 4  85 1  16 58 99 76 9  80 53 19 76 69 76 27 52 65 20 92 19 11 96 42 80 52 21 60 73 39 69 14 34 95 32 25 35 50 55 54 20 89 45 2  86 51 66 31 91 98 67 32 85 54 38 39 70 24 80 79 4  3 
71 17 57 55 49 72 76 94 58 63 16 89 16 89 54 15 86 87 93 10 44 87 32 88 30 68 57 10 25 19 11 87 76 59 90 59 18 14 64 78 40 95 41 14 55 25 16 84 78 40 20 70 34 50 77 60 44 40 67 34 15 64 51 89 72
2  43 35 3  12 6  54 15 15 4  92 29 45 68 9  21 40 51 15 98 8  90 81 19 39 74 79 81 75 30 31 37 84 32 65 73 62 23 76 64 50 81 68 62 58 93 43 4  17 9  40 46 41 70 11 86 87 2  55 86 10 88 16 28 43 72
0  10 95 84 49 27 34 15 84 23 21 16 48 49 21 66 41 77 40 77 99 86 48 17 19 57 63 24 35 57 45 48 8  79 60 52 72 41 80 95 63 34 89 17 96 21 91 47 74 12 34 1  49 61 19 29 40 83 87 40 51 5  38 82 90 14 33
33 63 91 28 15 86 35 48 0  32 66 22 88 39 61 87 84 35 79 86 8  65 99 55 22 41 98 65 4  10 38 24 50 51 56 97 87 72 64 22 30 55 15 85 14 85 42 52 7  93 48 35 95 48 37 79 64 20 79 44 97 74 40 53 3  80 53 62
97 15 66 24 28 14 61 10 99 75 46 4  98 88 5  94 34 43 20 33 93 43 3  88 57 13 16 84 40 53 85 90 94 81 86 92 25 40 56 54 53 25 61 81 74 82 7  90 28 61 16 38 47 81 78 37 1  50 73 37 89 97 33 42 81 58 67 67 70
41 12 34 54 78 19 75 54 7  88 98 32 9  25 94 47 50 10 9  51 23 4  21 8  56 39 50 12 42 42 52 60 92 56 72 27 82 63 4  19 72 20 70 81 41 44 28 74 62 42 55 70 94 46 9  84 25 27 57 13 19 73 95 80 32 22 36 28 52 88
70 48 31 86 30 24 30 9  8  59 85 59 54 62 61 9  42 14 27 82 69 86 72 92 53 22 94 4  96 15 63 23 79 38 22 79 70 46 88 92 99 98 83 47 12 6  54 30 11 74 85 33 45 87 1  17 0  12 82 12 13 59 23 86 10 43 55 4  94 83 18
59 77 67 77 45 90 20 92 30 4  77 27 47 77 91 42 0  80 71 83 57 39 3  77 92 25 33 13 84 52 66 80 5  11 2  66 63 92 4  14 83 95 92 66 2  54 68 42 97 87 21 10 10 50 23 2  95 71 73 58 26 26 56 17 9  49 31 14 85 89 35 50
87 15 26 95 47 92 16 28 85 39 58 67 21 39 2  94 31 62 86 29 34 74 21 61 67 91 4  5  75 18 69 27 97 0  89 24 64 28 65 43 57 36 87 12 69 87 47 77 40 97 16 23 89 16 78 11 76 31 84 47 12 93 93 69 54 77 97 78 78 99 1  62 59
84 75 43 29 2  31 17 83 67 74 39 53 37 58 24 83 48 29 59 57 52 84 34 71 35 13 9  49 75 99 71 74 79 93 99 70 38 72 55 18 46 48 14 19 36 56 76 51 49 32 81 61 52 62 46 29 54 11 6  32 85 88 77 2  3  59 88 81 68 94 14 79 44 49
31 70 95 56 39 62 19 48 93 49 69 13 10 98 88 6  63 37 57 81 62 47 56 10 31 9  65 96 17 18 2  81 32 60 60 70 2  69 90 73 10 39 24 19 32 68 34 39 61 63 10 22 36 46 2  33 52 36 15 7  90 71 6  19 83 83 99 65 45 80 71 78 88 25 49
88 52 2  53 64 94 94 12 89 24 88 66 63 6  49 66 97 45 41 61 19 54 24 31 79 36 88 74 53 49 18 1  79 85 17 18 36 10 83 38 72 36 35 39 14 84 1  80 60 70 89 7  41 5  89 48 22 63 66 49 80 69 84 32 26 80 58 3  32 15 7  89 91 26 26 88
18 61 90 16 96 7  50 24 5  31 79 10 22 97 38 55 64 71 67 24 78 65 95 75 33 33 60 84 42 87 20 16 33 44 40 67 54 43 95 77 41 11 24 30 66 56 76 8  9  72 20 49 13 29 39 23 71 70 64 74 73 68 95 97 98 1  83 3  36 17 70 34 88 31 11 73 90
17 6  20 20 82 52 66 11 33 99 40 83 18 17 92 73 65 24 28 42 30 57 31 12 93 24 18 66 6  45 17 15 60 33 97 60 5  10 27 11 61 58 60 54 44 25 99 72 40 51 50 15 95 46 94 11 47 21 58 31 35 87 36 79 52 51 64 43 8  98 24 29 89 57 90 75 32 0 
62 73 63 21 16 95 41 1  25 66 16 32 46 19 9  28 6  85 14 56 2  69 7  43 7  74 57 1  52 96 7  26 56 95 75 52 59 21 92 68 97 84 9  8  28 69 33 57 85 31 73 61 7  71 95 74 51 52 27 3  0  27 47 75 32 18 9  4  57 37 47 14 17 30 85 74 17 18 11
0  29 75 96 29 95 98 46 79 34 44 68 20 57 37 14 21 13 87 63 48 44 28 46 71 33 32 14 27 34 0  94 98 95 34 18 57 68 10 37 14 5  67 97 34 11 97 36 23 33 47 40 7  97 70 71 52 21 15 69 53 17 88 15 68 53 8  9  16 25 35 33 96 16 54 30 18 26 24 28
19 9  24 40 56 70 7  94 84 99 57 7  86 23 20 76 81 81 35 6  53 69 91 34 72 21 3  60 6  1  53 73 89 88 14 18 12 78 15 85 9  69 16 40 81 12 2  37 23 93 78 50 0  59 11 96 15 37 55 94 92 87 49 58 6  58 43 89 25 85 20 12 37 95 32 12 42 12 52 20 98
52 72 0  50 17 76 93 50 61 35 91 12 82 81 64 19 57 58 75 69 88 7  18 37 85 33 33 37 84 99 79 95 91 96 0  22 48 78 58 90 57 85 34 99 44 72 12 86 30 34 1  86 83 23 71 76 82 34 35 2  47 32 88 68 7  90 35 41 66 69 26 36 69 47 78 40 4  95 56 72 0  25
79 6  86 88 5  92 42 30 8  48 19 29 86 37 8  58 74 77 29 26 91 47 9  76 66 37 65 59 89 40 31 14 74 31 26 47 28 49 38 35 8  56 65 87 23 2  47 8  34 57 8  55 34 98 50 87 89 30 72 66 33 7  71 16 36 81 2  17 58 30 72 46 93 3  90 77 91 13 26 25 15 56 67
17 45 89 36 15 0  13 62 21 79 42 0  61 20 99 0  24 23 48 44 62 99 3  70 54 64 60 74 33 68 31 17 50 20 80 29 66 12 91 95 52 35 36 52 22 75 77 43 16 13 87 40 17 99 76 60 11 88 18 41 64 68 88 14 71 25 39 40 20 61 18 54 14 39 98 91 71 90 80 3  23 11 49 8 
76 1  38 13 16 55 75 42 45 41 63 95 85 86 35 6  41 39 40 87 42 44 81 44 43 88 48 97 7  9  74 67 66 71 57 85 88 17 85 5  29 15 51 41 48 81 71 5  16 74 67 12 31 10 55 84 40 65 1  71 67 64 38 89 59 57 79 25 44 40 69 94 87 99 10 36 5  30 30 54 89 33 55 43 2 
90 7  4  8  4  22 69 49 85 75 20 35 45 96 82 23 23 46 12 58 2  95 27 85 53 15 66 66 34 38 50 95 99 20 10 13 86 1  41 18 93 71 55 50 32 4  53 12 55 83 12 27 61 98 51 74 67 28 90 75 74 95 55 19 68 25 43 79 6  95 58 8  22 40 44 16 41 74 88 65 0  94 78 25 40 91
99 41 2  7  43 77 36 91 44 78 39 52 16 40 13 94 92 22 8  61 54 61 40 2  91 4  77 16 56 78 29 25 0  95 87 84 96 87 6  98 85 54 88 13 52 30 17 66 1  53 28 46 67 78 19 15 64 44 1  82 44 4  40 71 62 49 3  76 66 29 18 22 32 66 89 2  5  63 99 40 38 84 29 45 83 69 49
85 78 73 81 19 59 93 16 11 94 3  46 95 55 96 84 39 41 75 25 55 92 20 78 24 71 76 3  26 75 94 54 28 33 21 80 93 58 65 89 5  4  93 6  18 67 61 31 86 66 20 26 47 21 14 17 12 25 35 92 19 80 37 68 41 82 52 47 1  80 99 6  20 67 87 16 80 84 47 56 70 70 27 77 7  66 43 52
36 19 51 41 39 5  93 92 39 58 23 56 48 82 52 6  4  67 27 58 24 16 29 75 5  17 67 35 30 73 56 58 49 1  84 4  89 85 91 21 69 72 16 76 32 11 14 81 13 52 94 3  68 70 91 9  68 76 9  34 15 12 36 30 53 41 30 58 25 9  45 88 10 85 15 37 8  63 20 22 41 63 43 99 18 15 55 15 16
22 60 78 46 56 55 7  14 60 80 89 62 55 60 79 82 74 67 81 20 44 30 9  93 5  12 91 85 81 31 85 60 54 53 85 80 22 25 11 53 68 62 18 53 41 42 43 6  30 18 37 29 71 64 36 31 11 83 50 49 77 8  28 42 27 32 83 74 90 63 85 76 96 40 38 49 31 28 27 18 62 27 19 94 16 50 69 57 23 59
90 14 59 39 72 7  94 71 55 40 55 78 89 7  51 3  56 9  64 0  98 66 55 10 41 89 68 52 49 21 57 98 80 9  19 52 59 65 10 61 95 38 16 58 1  1  74 30 64 70 6  43 83 56 64 15 68 74 2  33 37 78 8  90 60 90 3  40 11 36 18 99 62 73 89 97 11 52 62 94 63 19 91 20 27 88 16 50 31 67 84
17 80 2  99 5  72 86 56 91 56 25 98 82 21 75 5  55 2  63 66 13 45 59 93 99 50 33 68 55 26 85 71 68 70 72 83 31 94 60 10 63 15 52 62 35 94 39 61 12 29 28 47 39 65 24 24 73 93 72 38 75 68 76 76 93 30 29 9  57 75 53 19 64 19 85 32 37 19 64 8  60 60 66 58 96 57 24 82 7  84 62 81
