25
46
49 85
3  15 63
59 8  91 75
44 95 90 92 35
34 62 26 22 95 91
95 67 72 41 70 68 3 
44 99 75 78 90 61 53 13
94 9  68 88 60 68 91 49 85
29 23 81 46 30 65 66 46 7  46
83 18 45 11 97 99 4  6  99 44 32
98 68 5  0  35 74 9  8  48 70 97 87
37 87 18 12 27 72 60 77 51 28 69 35 54
34 23 46 37 21 44 85 77 12 54 78 52 34 39
47 97 83 40 12 71 65 21 20 48 9  97 97 31 9 
78 22 15 19 96 99 96 51 87 55 57 49 67 30 92 88
66 48 35 39 79 13 92 8  90 44 92 6  30 45 94 14 7 
48 45 62 97 95 44 66 50 54 55 90 64 0  34 74 69 82 4 
61 6  2  66 84 79 47 74 65 85 65 86 80 65 44 79 77 5  58
43 84 69 5  7  2  70 32 16 99 14 51 64 5  71 70 48 8  84 13
4  33 23 6  66 87 64 76 58 3  14 36 3  39 43 51 82 17 38 9  34
91 57 6  42 64 69 76 69 36 88 25 82 55 61 89 24 67 6  99 12 82 69
47 65 89 66 0  2  37 63 1  29 16 85 4  17 48 98 54 66 22 95 57 32 46
63 99 93 64 45 32 30 56 35 18 37 32 39 77 25 43 68 26 63 99 46 1  8  41
85 66 82 44 56 28 82 62 48 8  45 3  42 32 75 76 15 25 50 19 34 12 78 84 1 
