76
64
62 99
9  74 12
94 34 77 76
89 50 73 73 17
89 46 97 22 77 32
7  37 49 97 58 80 96
37 27 56 81 42 66 27 99
43 29 85 2  34 91 46 79 28
9  14 43 84 42 56 66 84 99 45
46 11 60 73 66 74 41 69 37 16 34
8  9  64 93 4  13 56 50 6  25 34 96
82 23 31 71 99 57 29 7  41 56 80 59 55
20 65 45 24 38 23 13 75 65 42 84 1  64 83
1  21 97 7  78 71 93 79 63 52 0  1  56 65 14
20 30 82 65 35 99 99 61 15 97 9  65 57 24 17 80
80 43 11 87 80 65 38 31 33 91 29 39 72 98 96 33 50
12 17 37 1  31 62 1  90 73 65 51 60 49 25 87 95 38 4 
92 35 70 12 22 92 35 17 16 15 49 67 87 67 18 20 32 15 36
36 29 88 56 47 72 68 93 82 28 86 86 20 80 50 25 81 97 77 70
96 38 86 51 62 77 65 48 86 36 18 83 68 78 5  56 31 87 68 46 68
2  95 90 25 79 54 41 75 13 97 26 60 66 56 32 40 49 46 50 79 57 84
5  61 93 79 63 82 19 22 4  35 54 47 9  71 32 30 20 70 68 33 25 62 53
56 6  70 61 28 30 90 71 52 42 96 50 60 59 93 2  57 94 66 93 80 22 64 76
50 9  65 37 42 51 80 38 32 49 36 19 11 4  6  10 40 77 72 82 55 20 72 65 12
74 64 43 87 35 77 33 11 63 75 82 82 88 80 85 75 82 43 30 49 25 52 84 49 12 99
57 51 26 71 97 84 29 59 97 83 0  53 16 79 20 74 62 96 5  97 35 74 94 59 87 48 75
33 93 29 3  53 35 55 85 3  20 16 60 6  13 39 79 15 96 20 95 37 60 99 65 37 90 90 61
30 44 87 31 68 89 31 54 88 0  46 73 30 74 71 9  29 32 44 54 72 76 88 41 48 73 55 24 53
87 13 72 42 11 38 9  46 85 4  27 98 70 80 85 67 42 64 81 8  45 41 48 4  80 13 24 36 73 8 
90 86 91 38 4  91 18 8  9  84 6  75 78 52 81 27 7  58 53 89 13 61 29 14 62 19 2  98 1  31 13
72 63 33 67 52 50 65 97 8  68 75 61 83 26 71 81 85 86 12 19 73 69 78 44 96 94 64 23 91 81 30 34
91 72 64 67 87 39 51 91 35 31 71 52 9  56 52 18 61 97 31 46 18 62 94 60 96 1  60 15 21 28 22 59 48
61 42 65 5  28 87 29 9  12 53 12 43 42 97 55 26 65 53 0  84 49 23 68 35 69 44 73 69 38 29 18 83 55 61
91 22 51 10 91 18 98 54 64 26 43 0  51 7  83 1  46 38 21 27 95 28 1  70 96 53 5  56 62 10 95 59 47 24 52
3  27 15 18 55 22 91 37 69 34 52 4  32 67 70 43 61 92 23 71 26 35 45 99 63 40 19 98 69 60 37 57 27 71 84 78
58 49 22 88 64 5  56 78 10 32 93 65 31 27 6  30 49 92 83 19 25 52 99 74 10 22 89 25 44 5  4  41 36 32 35 37 67
64 97 86 28 96 38 56 7  30 64 22 34 42 85 22 5  84 38 25 37 50 90 70 92 44 9  23 10 33 60 25 44 19 97 76 58 37 6 
25 51 14 22 73 23 81 90 7  75 78 34 70 37 39 18 46 79 66 23 85 65 74 61 2  85 47 8  17 53 73 77 10 70 21 74 22 23 42
38 68 29 70 89 91 36 2  0  17 80 79 10 28 26 39 22 98 0  14 25 87 21 42 22 34 23 29 94 38 8  67 1  3  67 28 53 71 54 8 
47 51 27 0  56 86 75 75 59 44 14 32 96 51 4  63 36 72 73 45 35 66 46 72 71 0  4  23 1  86 81 75 70 63 51 75 57 3  35 99 17
65 66 61 67 81 17 5  42 9  34 91 74 6  43 65 88 12 61 22 46 36 96 1  15 73 86 74 50 49 0  89 12 14 64 71 31 27 16 97 32 55 51
22 45 71 81 13 83 39 99 74 92 73 36 90 49 15 80 63 61 96 90 75 41 56 62 38 80 88 81 75 2  13 77 81 60 68 64 35 75 15 21 27 99 58
92 69 79 94 98 37 93 58 98 3  16 20 95 42 46 51 25 79 78 71 99 56 6  95 18 97 74 64 37 13 14 69 53 24 38 58 92 71 68 96 30 51 12 51
93 19 98 75 92 92 40 63 6  60 36 72 39 34 88 86 13 25 35 91 12 58 29 13 38 52 83 40 48 36 60 33 21 97 34 84 23 92 42 41 35 7  18 45 75
46 51 75 69 33 56 12 45 40 82 70 91 2  65 87 19 38 30 1  26 99 91 85 49 0  55 0  1  40 47 89 1  21 74 39 72 54 59 32 35 85 45 28 72 85 65
15 61 78 45 52 53 31 63 29 35 55 5  44 29 67 53 45 57 61 47 80 91 19 82 5  67 80 10 76 94 79 60 45 28 77 75 17 91 57 33 47 11 19 75 6  29 46
38 4  42 31 72 71 94 7  50 0  75 25 82 6  60 6  2  52 27 54 16 93 71 69 8  44 24 26 28 49 16 72 92 37 89 68 35 15 9  20 97 23 83 25 89 56 81 45
13 11 68 19 98 93 10 16 43 20 20 29 89 65 80 57 56 52 77 99 86 38 0  53 93 10 6  99 13 66 85 41 0  34 93 31 59 3  44 67 98 9  90 38 52 55 18 22 50
76 8  37 0  89 29 3  6  14 36 15 93 95 44 43 63 45 49 36 29 48 28 12 16 56 54 57 87 91 28 86 95 75 57 7  88 29 50 96 50 21 71 74 64 58 24 91 29 69 5 
14 91 66 55 83 51 78 54 82 99 17 14 49 24 62 2  84 86 8  39 4  8  52 2  23 72 34 39 18 97 54 80 28 9  52 31 66 38 38 2  15 8  86 83 74 95 75 66 37 80 66
13 93 89 85 99 2  7  60 98 92 45 94 29 2  10 31 27 67 87 59 21 75 17 94 14 82 20 27 87 29 12 92 92 83 7  14 90 27 32 64 94 36 90 84 91 19 83 90 27 46 38 47
15 86 84 2  29 72 41 31 1  55 49 12 84 71 91 46 18 94 82 27 65 68 67 74 91 25 55 36 96 98 88 48 89 46 16 98 68 43 91 33 85 56 74 48 42 88 71 31 7  88 39 52 42
27 98 88 12 69 16 13 8  23 45 77 96 25 0  64 77 55 36 63 80 88 8  54 4  23 60 75 29 42 90 93 68 18 78 10 56 90 68 73 93 73 52 21 12 21 34 73 71 7  17 29 30 77 45
32 58 21 5  57 75 19 38 96 86 56 81 16 65 81 37 66 1  16 30 2  35 53 38 5  66 6  23 93 93 72 16 70 59 51 51 85 81 79 22 98 62 4  37 88 2  88 42 69 27 5  97 12 8  48
79 16 17 83 11 47 28 53 42 4  58 34 90 75 30 53 69 99 96 3  61 97 19 86 63 66 6  91 46 76 24 62 46 86 19 17 1  87 79 41 89 65 73 91 40 83 60 45 96 12 67 81 19 70 91 48
92 65 57 16 14 59 26 9  18 14 33 85 22 57 34 63 16 45 39 21 10 74 86 49 81 9  29 32 3  1  26 59 63 50 91 10 56 39 49 23 90 80 90 94 64 65 55 15 17 96 63 80 76 10 20 92 23
78 4  61 33 72 97 69 11 12 78 22 25 6  30 90 20 88 80 80 72 86 79 63 46 76 57 64 25 73 31 75 6  46 55 24 4  31 40 11 47 55 70 14 94 38 53 21 89 45 95 52 99 51 9  20 51 9  9 
99 1  61 66 23 34 4  64 36 7  51 35 20 60 29 96 40 18 43 39 0  84 76 10 15 26 94 25 78 69 6  69 43 19 52 56 95 26 65 96 67 58 93 38 7  31 12 88 34 59 7  2  51 28 79 9  46 39 56
18 95 62 39 32 37 14 62 3  51 69 61 23 96 97 84 50 2  10 67 34 69 38 79 41 88 26 30 56 36 4  98 10 79 72 70 8  96 13 13 90 99 78 35 82 64 21 72 21 74 52 20 46 89 92 6  73 7  96 98
61 49 46 2  39 70 49 35 87 46 79 35 10 7  67 77 44 78 33 56 58 38 31 56 70 5  29 65 63 65 15 81 44 46 75 57 38 69 29 11 33 43 51 15 1  46 96 67 92 30 36 89 41 73 78 23 97 27 41 99 78
63 80 51 10 5  10 34 46 15 82 85 16 65 48 22 61 46 44 78 58 21 10 96 43 23 60 8  27 30 88 57 28 78 79 86 21 11 9  19 45 1  96 6  69 36 95 87 35 64 52 72 1  7  78 20 60 38 69 12 46 3  56
26 73 80 68 66 63 29 68 24 21 42 15 84 82 52 87 8  20 23 48 17 79 30 26 69 34 16 97 80 53 7  83 58 57 90 70 33 42 92 65 87 81 9  18 0  21 33 86 73 25 95 70 96 40 7  20 97 87 68 13 46 90 22
40 81 18 48 6  52 87 83 76 24 1  51 36 58 77 34 13 80 22 58 15 43 34 31 96 16 87 56 49 41 13 86 79 20 90 39 88 58 3  56 63 90 63 54 34 55 33 75 26 64 50 28 75 99 20 81 89 16 99 27 38 71 91 86
99 26 15 20 99 71 65 5  74 8  11 44 67 49 50 88 51 70 30 8  68 43 55 2  71 89 42 78 67 92 35 18 10 67 95 8  97 46 28 24 47 11 67 31 17 16 40 61 98 26 19 12 8  42 44 91 88 34 13 99 76 22 96 67 71
72 85 35 97 92 97 29 7  74 29 47 35 2  88 24 69 86 71 30 94 79 61 10 35 50 80 71 31 14 9  1  79 56 38 65 94 67 22 88 53 79 50 54 52 80 81 95 50 58 62 75 59 37 89 43 27 50 38 59 32 87 65 37 43 36 91
44 13 8  44 25 38 22 47 71 37 19 20 23 0  32 23 9  49 34 48 80 82 69 50 39 69 6  76 88 52 19 77 74 38 89 43 20 83 4  22 21 38 2  83 37 53 53 98 64 0  82 70 28 45 15 12 33 43 65 37 26 79 31 11 57 78 69
59 69 58 68 5  18 93 15 34 29 23 11 66 71 62 91 72 56 73 38 96 9  0  42 40 56 15 47 68 17 31 49 49 6  58 48 78 77 56 34 76 65 54 53 96 51 23 22 73 26 31 51 80 27 89 96 28 11 72 1  64 27 72 70 55 24 39 0 
60 75 69 66 58 22 25 94 14 21 27 76 54 9  16 98 72 18 52 11 29 87 91 8  1  15 70 19 58 10 56 62 22 0  13 72 12 25 98 72 97 35 32 3  53 2  42 85 34 82 47 58 89 29 67 2  99 31 49 80 81 76 70 55 26 38 45 53 6 
52 99 15 8  63 56 42 35 68 11 43 44 9  63 93 89 45 65 72 22 14 18 84 39 42 76 36 58 77 69 15 43 72 1  22 90 38 83 36 82 26 16 25 42 69 2  52 11 8  99 67 85 85 76 8  49 55 92 92 26 35 75 64 61 59 82 50 0  11 17
46 76 28 18 90 50 99 75 21 51 63 83 8  19 75 88 60 98 32 30 10 11 29 29 31 18 29 64 96 47 93 95 4  91 11 7  86 39 30 33 63 74 21 42 11 84 70 46 10 62 2  26 80 48 67 51 89 85 27 0  19 3  1  43 43 71 58 38 49 87 29
23 59 49 25 36 96 0  33 30 9  27 51 60 52 73 42 95 10 34 46 91 85 42 21 71 39 69 40 96 85 67 5  68 14 89 38 74 80 93 87 11 53 49 43 2  70 13 66 95 28 42 35 24 26 34 15 44 9  47 29 3  70 81 2  70 41 92 52 38 19 19 72
32 15 31 15 4  82 5  73 44 97 31 48 48 87 99 37 53 71 44 99 25 39 82 91 95 0  26 57 87 64 58 15 98 67 64 53 1  53 71 64 64 32 35 28 4  13 87 24 9  97 58 19 0  26 22 50 21 88 31 65 29 7  46 45 78 17 84 15 69 71 20 1  38
92 24 86 75 60 73 10 76 84 92 49 43 79 51 19 94 25 29 90 43 67 24 28 76 31 68 36 41 69 62 89 22 26 27 59 98 2  68 26 56 92 76 89 53 2  15 6  50 34 7  24 55 3  78 24 67 21 61 76 99 67 68 92 45 83 31 96 44 41 47 87 30 14 42
61 12 94 52 49 27 37 62 40 25 8  38 11 98 72 28 42 36 74 14 1  46 23 76 8  30 33 49 66 44 58 56 28 51 34 43 5  11 89 94 31 43 8  15 10 91 72 66 4  2  90 6  53 51 2  89 68 21 10 92 52 33 40 31 79 69 94 56 27 42 51 94 45 90 64
74 13 88 78 96 77 61 37 2  86 1  95 35 93 17 72 99 80 85 63 32 4  42 99 64 74 28 95 58 46 0  5  94 52 81 43 60 37 39 62 81 93 37 44 10 33 30 51 28 48 69 46 25 48 35 92 94 85 14 56 33 73 40 24 88 52 94 20 7  98 32 91 27 64 14 49
