98
89
33 81
64 40 6 
20 80 55 63
66 3  59 67 85
37 35 4  95 67 88
65 61 37 32 49 55 63
56 6  27 25 20 3  11 40
74 23 41 60 20 27 40 91 51
96 46 47 93 21 87 47 77 76 71
73 53 38 75 41 64 20 86 7  22 57
33 16 42 30 96 6  73 52 36 26 54 9 
13 84 14 31 24 56 30 87 94 30 50 17 27
57 79 60 20 78 41 48 3  16 30 86 21 87 36
30 17 50 8  50 33 96 50 65 65 77 84 71 25 49
55 25 76 93 27 19 57 85 46 44 29 96 32 34 64 60
78 4  60 71 52 73 1  38 11 72 64 90 48 75 50 41 74
26 31 88 96 6  92 76 75 20 33 31 78 79 55 23 19 0  29
7  42 43 94 31 36 31 64 19 58 30 49 54 22 79 91 91 99 36
53 63 15 31 99 3  77 93 78 52 71 85 31 63 42 52 87 39 51 53
54 96 94 70 16 73 21 58 7  3  3  96 12 27 62 66 99 20 78 18 71
91 86 0  27 41 46 57 11 54 77 80 46 56 27 88 37 1  16 14 53 7  19
73 15 12 75 97 80 64 26 70 50 14 76 45 32 35 39 28 93 8  65 59 24 1 
39 81 50 6  69 27 2  66 37 21 74 26 36 46 59 60 95 52 62 69 53 41 3  62
31 92 91 85 94 47 65 5  92 17 95 16 84 67 38 97 92 30 91 95 8  19 94 41 89
41 75 72 36 22 65 90 25 8  17 69 8  32 55 13 10 38 29 26 48 95 2  28 70 91 54
76 51 56 29 27 25 18 52 47 7  44 63 45 73 38 44 18 13 86 9  18 63 41 45 27 92 14
46 17 78 45 14 81 60 42 19 58 63 94 98 16 77 32 32 20 71 38 1  34 74 18 71 6  39 50
53 46 45 92 20 49 59 98 78 10 77 22 87 47 66 16 12 68 94 94 41 73 35 52 99 32 99 91 94
82 50 47 62 69 36 90 38 1  33 20 17 14 40 79 14 64 44 75 95 73 42 41 35 91 86 72 81 96 86
32 73 51 75 35 44 15 35 17 58 44 9  88 78 4  1  99 80 19 78 53 64 5  0  89 8  12 32 78 38 68
23 98 13 93 49 17 76 34 19 91 66 91 88 93 17 5  55 71 0  24 30 62 48 33 51 30 29 35 35 19 64 52
90 44 52 98 78 65 12 18 80 88 42 81 94 10 65 71 49 85 35 86 11 54 62 93 74 81 44 58 25 50 26 90 38
1  45 56 19 87 57 99 66 90 32 96 68 46 73 53 29 17 11 4  17 17 99 41 18 49 49 20 31 6  10 16 61 22 29
41 76 35 56 4  59 94 25 15 24 44 70 20 95 25 59 61 24 28 23 73 17 89 13 54 54 96 83 45 78 31 37 51 34 70
1  61 42 68 11 14 15 66 58 37 58 12 1  58 75 55 54 7  66 13 90 5  62 44 7  77 74 0  55 84 69 59 68 15 22 11
30 10 86 44 19 44 34 89 3  38 51 25 96 95 38 89 96 37 94 37 44 52 38 29 65 84 4  67 2  0  95 48 78 91 18 38 98
4  96 98 85 38 95 51 14 98 65 66 19 30 85 71 61 31 70 35 67 31 9  7  89 89 65 30 22 74 92 3  74 90 22 80 90 30 16
6  22 77 72 47 30 48 1  54 15 6  1  37 77 68 10 85 83 13 45 0  55 39 26 91 32 18 30 34 11 72 11 66 37 3  1  23 44 98
37 67 81 96 12 49 39 50 32 71 62 70 35 51 96 23 9  50 69 79 54 92 98 56 34 21 16 8  38 51 28 30 25 81 50 25 47 90 12 25
97 95 70 97 65 29 64 36 36 13 57 1  14 86 7  76 62 58 57 80 37 5  61 92 88 59 95 99 50 73 43 47 26 32 0  60 21 97 6  99 7 
59 13 70 36 20 99 90 80 4  46 19 46 25 62 32 63 93 79 8  24 22 38 76 27 8  80 0  73 30 31 75 50 7  33 93 31 54 85 35 29 97 50
98 46 78 65 15 90 55 6  8  71 60 32 66 88 73 70 73 44 71 43 67 17 16 92 32 45 92 14 83 50 80 67 32 49 88 57 75 49 8  54 99 62 36
97 17 65 13 75 87 92 5  49 17 91 44 60 50 90 97 76 30 94 31 39 76 66 55 74 28 2  59 88 98 73 71 27 83 48 25 96 27 22 44 73 51 54 90
84 86 6  93 46 85 4  42 19 88 88 94 57 94 32 80 43 85 88 47 77 91 1  62 5  28 15 39 26 1  77 48 12 18 97 72 61 87 60 79 90 94 63 9  85
71 17 88 81 82 79 87 5  15 72 28 43 81 55 54 16 3  62 6  51 94 93 8  29 43 24 23 80 77 99 23 20 15 68 20 54 85 6  84 66 25 46 42 71 12 46
49 2  52 97 89 80 33 18 7  82 30 94 99 82 13 13 39 97 71 69 37 84 18 77 23 74 48 27 40 7  54 97 67 53 20 83 45 3  47 73 39 10 49 44 91 33 28
8  78 47 23 29 31 88 25 82 53 50 39 70 21 93 42 98 85 26 14 85 68 5  63 83 98 87 8  2  19 80 99 89 33 64 70 20 37 11 39 9  58 37 54 41 49 4  40
78 65 90 23 56 24 48 82 45 53 80 6  36 65 91 74 59 61 78 58 49 8  10 29 76 98 87 44 22 94 40 50 46 50 65 30 69 81 21 92 90 47 34 62 7  7  27 90 89
66 29 40 6  59 22 86 89 56 73 97 15 14 92 85 15 4  81 68 80 94 59 65 30 56 80 4  51 22 56 76 27 53 70 68 93 37 68 46 57 20 32 52 36 54 47 36 83 5  59
14 76 1  86 49 57 81 96 13 41 3  34 35 76 18 22 18 68 65 34 5  52 20 28 23 45 95 15 42 8  13 76 84 49 13 43 19 20 10 13 14 41 99 75 71 25 11 17 52 87 88
62 14 70 1  66 90 68 16 42 97 90 34 69 65 81 67 23 45 73 29 51 13 37 0  77 97 91 91 70 54 14 32 54 46 28 85 65 72 3  88 1  99 46 11 87 49 74 62 24 20 16 53
37 70 95 18 26 16 16 31 16 23 70 45 6  62 17 67 94 31 38 80 31 89 14 4  25 25 83 54 84 48 19 78 86 66 91 49 89 52 37 52 64 93 66 82 63 34 56 61 79 79 27 47 47
65 89 20 16 37 80 96 6  54 64 62 33 58 16 85 86 56 43 67 50 43 86 39 68 12 55 17 13 24 75 7  0  5  96 17 42 17 95 5  86 67 89 32 79 29 44 85 35 39 10 75 6  18 29
1  93 57 71 41 36 38 11 14 36 19 49 13 32 24 84 94 80 2  1  49 88 81 78 36 57 73 58 76 93 6  50 95 55 12 72 44 84 35 23 66 49 24 43 74 4  39 47 58 85 89 6  44 82 37
13 85 62 2  29 99 31 81 30 59 87 74 82 99 26 28 36 72 55 35 91 15 59 59 21 77 77 53 57 48 30 11 92 20 30 23 16 64 9  83 29 54 72 66 32 88 53 43 6  39 54 76 67 22 73 72
99 88 74 40 52 13 29 48 33 10 15 27 9  60 58 92 39 10 37 91 97 95 34 26 9  37 82 43 47 96 67 56 7  46 81 67 59 84 5  20 18 80 9  33 54 12 92 46 25 14 17 33 70 62 60 82 83
86 17 68 84 5  53 15 96 75 49 20 47 73 41 88 69 73 51 67 88 92 65 80 90 58 72 0  44 2  36 88 73 98 9  89 36 64 30 53 96 52 35 54 30 96 20 4  9  30 56 38 46 27 75 89 13 81 53
63 96 1  75 22 69 51 73 99 70 93 25 42 5  86 22 87 18 82 86 82 82 67 79 14 5  38 37 13 67 65 27 9  33 23 95 18 64 62 9  70 53 17 95 23 93 97 12 95 4  13 62 41 25 82 6  30 18 73
17 49 64 4  67 10 88 26 71 13 16 45 15 79 43 47 36 25 37 48 91 96 18 5  4  72 31 38 50 10 93 35 23 89 69 12 22 32 74 11 26 50 50 69 29 79 42 24 66 21 27 29 23 66 78 22 80 5  94 96
83 68 1  46 1  58 89 2  43 57 99 90 10 96 82 52 29 57 80 82 93 6  96 64 17 41 23 94 2  65 71 80 60 80 65 48 57 66 79 26 14 82 57 47 19 8  82 42 30 71 64 71 38 83 20 30 10 25 46 11 8 
20 33 67 25 43 37 89 75 45 82 41 98 1  13 47 19 30 37 1  37 61 19 99 12 20 0  67 88 32 82 80 37 37 19 16 18 55 96 44 74 91 46 2  20 14 12 36 44 69 93 61 21 29 36 53 43 32 45 36 70 14 70
53 25 25 57 52 51 47 72 21 6  4  39 64 85 94 14 0  90 60 67 54 76 43 92 23 11 18 10 91 47 52 58 90 31 15 76 55 54 76 2  46 54 82 90 97 62 84 70 84 83 38 15 71 4  40 42 0  61 74 98 46 42 59
10 56 40 55 38 9  96 84 30 88 76 68 80 48 42 17 89 65 23 35 82 77 8  97 72 33 37 77 1  83 88 99 4  41 19 18 34 68 89 36 1  93 8  83 49 76 90 40 5  2  29 39 57 37 61 88 98 73 33 52 34 38 86 41
35 27 18 65 22 74 8  41 82 70 37 14 74 87 56 63 27 63 45 76 46 57 77 62 54 74 24 3  8  5  16 99 91 36 52 2  46 18 58 30 39 6  97 73 42 26 4  41 99 62 66 60 66 85 44 51 25 31 78 8  25 99 91 31 88
99 10 93 96 35 19 81 8  46 24 53 23 55 35 69 95 67 90 61 32 42 46 87 5  58 73 57 54 48 45 96 94 49 23 75 13 83 0  49 34 87 28 79 91 21 38 39 71 51 83 96 42 24 12 43 1  95 66 27 91 16 85 38 59 76 16
88 99 96 78 19 55 95 84 92 16 75 54 64 90 85 93 81 79 15 61 46 45 62 19 65 36 30 11 28 1  45 39 77 14 59 63 16 75 80 20 70 63 85 61 21 48 33 94 41 65 55 85 68 9  87 98 34 71 4  21 67 78 98 2  34 77 58
60 76 51 80 58 88 58 37 16 18 80 39 11 98 43 4  57 62 60 28 39 5  88 39 92 35 92 73 29 19 74 52 77 9  45 68 81 60 0  93 71 34 61 1  45 70 85 99 7  58 54 23 71 21 31 12 90 82 41 96 18 9  20 17 18 65 40 65
21 2  4  96 91 74 47 66 26 58 16 62 52 66 6  15 9  19 68 85 62 30 3  1  64 36 16 63 17 48 59 84 97 38 72 13 88 54 73 35 41 15 12 95 2  90 6  68 30 33 44 35 67 93 16 96 60 87 79 36 94 47 39 56 55 60 7  39 12
39 51 55 32 15 59 79 30 37 26 85 77 54 89 89 50 2  11 52 53 38 25 47 43 93 36 86 64 72 89 53 14 6  72 13 41 83 17 44 54 99 14 66 83 30 46 35 75 56 64 80 6  41 62 75 4  74 84 6  55 16 78 96 91 55 60 0  4  99 35
26 88 44 82 43 1  57 77 30 30 7  20 72 6  86 37 49 80 76 56 44 95 82 47 89 85 87 83 76 10 58 12 12 48 99 34 23 71 31 98 46 18 54 23 29 52 14 52 78 45 55 49 7  26 2  21 37 25 38 4  14 76 41 37 69 16 32 8  25 80 56
30 75 88 90 35 30 70 53 5  70 93 31 5  25 64 18 98 91 82 18 95 91 57 54 3  25 79 5  43 91 4  6  80 83 28 92 50 19 46 83 68 68 19 46 36 71 35 70 99 9  21 18 78 68 57 15 11 21 59 96 96 22 8  81 41 13 76 84 89 90 44 65
85 22 57 75 28 78 4  51 92 40 87 40 70 42 41 62 5  3  26 85 66 27 47 23 29 5  31 20 81 39 67 2  9  3  1  51 75 57 58 34 35 35 23 28 56 13 25 72 64 42 64 59 74 19 80 65 8  82 19 65 99 23 6  50 30 9  88 76 14 5  63 70 44
73 71 2  28 49 46 26 98 80 93 0  96 6  10 36 63 99 96 97 52 80 7  36 16 9  29 2  96 50 10 63 75 10 25 3  53 96 5  60 87 94 82 11 48 54 27 32 27 2  37 11 44 36 28 69 30 32 31 53 49 34 19 45 0  44 68 55 95 83 92 29 93 13 2 
64 42 44 66 96 30 4  46 17 38 88 4  23 20 8  15 34 50 46 65 39 55 52 43 10 68 30 29 7  17 77 72 60 58 92 3  55 4  98 15 7  39 66 70 72 2  71 99 10 93 12 87 0  18 82 26 20 68 42 23 14 58 64 78 39 68 50 87 0  46 84 30 22 38 20
93 38 54 83 12 5  49 21 18 63 75 82 90 90 64 77 27 56 96 62 4  59 45 69 63 70 48 24 32 62 93 76 71 6  15 85 71 65 12 51 89 82 65 40 12 99 76 32 22 64 49 72 86 72 46 8  75 1  43 60 63 15 14 59 2  64 75 61 89 52 52 51 8  32 68 96
38 30 78 9  84 34 2  99 41 56 42 80 40 69 79 43 97 80 31 20 58 77 14 72 55 20 69 38 48 45 37 85 90 12 21 4  49 24 77 0  8  58 51 45 30 0  78 99 72 80 93 65 8  92 67 39 81 7  51 28 39 65 10 75 16 56 68 63 36 32 45 64 62 23 50 7  53
60 96 56 99 75 16 21 14 2  35 43 56 74 23 38 39 33 44 87 11 25 29 95 99 29 22 56 2  45 63 56 12 77 86 10 65 38 55 71 77 61 60 92 65 90 14 82 20 48 15 86 57 64 50 73 75 25 85 60 74 95 85 43 71 58 2  73 11 18 36 93 41 19 99 50 14 67 33
82 63 49 36 35 78 57 62 32 74 31 65 12 83 92 30 61 7  26 10 18 30 73 9  9  49 29 54 13 64 79 25 41 7  29 30 68 84 19 17 76 38 9  82 48 1  9  90 66 35 54 77 13 88 27 17 41 78 10 10 9  31 87 41 52 50 49 11 15 91 63 42 24 50 49 25 61 71 10
72 81 88 33 17 93 66 87 94 71 84 75 56 92 72 72 89 46 57 97 10 33 58 32 20 48 97 40 21 44 89 71 99 60 72 16 22 31 69 71 43 51 52 18 14 27 42 77 60 31 17 35 46 58 46 37 29 96 39 90 21 16 35 86 55 97 70 89 18 70 58 42 22 49 40 84 68 55 14 76
12 42 69 37 75 83 73 69 25 19 77 13 36 22 89 59 31 49 12 89 94 62 64 40 95 99 0  12 7  36 56 29 12 99 18 59 83 71 57 97 14 89 35 83 21 74 0  7  79 28 63 59 50 10 90 54 96 44 64 71 84 79 70 10 94 77 59 62 67 47 69 58 80 62 53 14 69 41 71 10 60
98 51 53 19 72 30 74 69 91 67 13 50 11 39 98 26 24 84 3  99 73 74 18 96 22 36 21 29 81 97 28 35 75 42 45 74 60 12 54 30 90 32 26 5  83 25 15 68 10 12 30 55 68 60 24 35 22 60 40 46 17 94 83 41 85 23 45 81 73 84 31 99 16 61 74 81 81 34 34 66 55 66
73 90 6  90 10 7  34 16 38 17 65 28 99 37 2  97 43 53 45 1  34 45 24 14 22 6  47 16 13 77 0  75 55 2  7  68 40 84 66 11 29 19 47 33 56 53 59 77 26 45 64 7  53 25 40 38 35 39 1  60 76 40 42 98 99 34 43 16 8  31 55 39 73 11 36 66 39 3  9  53 2  30 54
15 96 88 80 25 53 25 94 91 62 92 7  99 96 75 76 88 20 93 97 32 35 46 27 39 62 69 79 39 61 34 86 66 90 78 21 60 88 47 5  77 10 50 94 50 1  97 70 13 11 68 95 18 56 25 8  90 72 77 48 85 81 96 61 17 51 74 81 1  71 14 1  48 87 7  44 46 10 90 53 43 18 68 89
14 99 79 50 74 21 47 68 71 53 77 18 72 48 67 41 91 9  38 78 96 83 83 6  34 7  6  50 17 88 1  96 2  45 56 33 9  9  26 98 17 64 39 73 65 50 76 33 29 25 57 88 2  78 32 27 85 56 87 52 9  27 88 23 11 91 43 88 60 0  77 49 3  36 20 58 51 81 51 89 53 21 89 84 73
13 51 82 89 45 27 57 15 16 62 96 22 89 45 82 56 13 91 35 20 22 51 27 18 68 11 12 98 59 63 73 76 18 14 61 62 45 40 51 37 98 99 25 60 18 70 67 75 76 90 62 77 17 35 81 3  88 59 17 78 63 75 78 66 67 69 73 53 60 98 97 21 6  38 73 48 48 72 34 69 7  22 56 64 43 37
98 4  35 69 9  19 45 28 8  65 42 96 34 81 27 29 64 39 80 40 49 69 26 59 63 45 58 50 53 43 29 6  61 63 50 1  88 69 43 1  61 72 98 93 9  96 23 37 13 89 71 95 6  44 90 4  15 96 43 13 2  44 33 70 88 90 59 9  37 56 93 43 43 99 34 26 97 8  48 82 85 28 37 80 15 35 83
24 85 53 37 37 21 94 83 23 13 59 89 93 91 14 35 59 32 27 53 89 86 45 73 79 58 50 34 19 87 20 96 83 27 9  86 10 57 84 77 14 8  40 99 43 74 48 75 36 50 57 7  42 35 31 32 21 2  85 23 56 68 75 73 34 23 23 84 44 26 1  32 1  21 24 88 29 28 57 75 59 22 10 93 28 41 17 74
37 22 14 87 73 66 6  18 4  52 53 75 63 14 68 30 1  78 22 43 12 43 70 42 92 6  31 7  42 40 51 65 24 67 18 23 94 6  73 65 66 0  28 29 60 79 93 68 64 17 28 54 86 14 59 25 79 47 62 16 36 21 23 55 35 17 94 54 84 51 80 94 85 54 41 55 97 99 5  22 10 65 73 28 26 27 26 21 71
84 37 46 22 91 71 40 4  34 23 16 75 27 52 74 39 92 47 99 0  71 14 47 14 93 8  44 45 73 11 12 80 80 62 94 91 59 65 64 1  67 7  38 3  33 19 20 74 95 63 65 37 27 83 82 87 80 97 25 21 0  42 23 13 74 0  56 71 51 36 81 6  28 83 77 29 26 27 39 77 84 66 8  29 10 40 67 71 44 29
35 73 51 12 42 61 75 42 40 70 31 2  76 58 61 48 57 49 46 45 73 72 43 19 75 1  25 62 99 72 31 49 99 69 37 45 62 76 51 60 8  71 10 32 78 89 95 15 73 49 57 24 37 96 53 35 58 45 80 66 12 78 66 20 12 57 54 60 47 65 23 21 47 39 3  9  38 35 95 68 36 47 24 56 41 87 29 54 3  24 86
92 5  51 6  14 0  56 22 55 33 32 47 36 35 3  95 1  64 55 85 88 33 21 2  91 21 65 44 99 89 27 33 86 76 15 64 99 70 95 55 63 15 12 73 28 80 27 25 92 40 58 34 70 69 44 77 65 19 22 94 60 27 76 9  5  62 85 34 6  86 44 57 25 51 6  89 51 98 43 93 52 17 15 77 11 51 73 31 12 96 14 62
47 74 12 61 13 0  29 6  93 89 46 18 65 59 98 18 25 70 41 28 53 66 19 74 72 75 53 89 93 37 11 77 82 87 4  76 94 85 84 59 26 51 16 40 65 99 96 95 21 85 26 45 8  61 45 7  0  98 26 75 75 53 84 4  51 47 7  66 41 48 86 91 80 25 3  31 26 69 13 84 70 36 57 16 40 73 51 41 62 57 74 28 91
68 58 41 96 26 41 48 96 62 97 19 88 45 30 73 71 64 30 63 20 88 25 30 91 21 13 9  97 49 52 55 74 59 72 34 4  93 41 59 25 20 20 49 43 67 53 31 32 34 87 50 12 74 91 63 80 88 20 31 91 25 75 83 64 17 17 2  48 99 10 3  94 87 35 36 66 17 3  28 9  1  57 44 51 14 87 87 8  67 14 71 85 60 98
87 39 61 58 0  10 88 42 37 30 25 49 38 38 51 89 91 12 8  96 88 33 0  70 89 81 69 74 65 77 56 3  6  44 95 90 83 75 62 58 47 81 56 37 76 35 90 69 47 89 98 68 38 61 71 81 95 92 45 53 26 87 11 60 28 97 45 25 62 52 7  91 73 79 23 82 93 96 83 42 97 94 58 73 42 53 89 14 94 38 68 0  32 46 47
5  40 60 30 5  58 53 45 30 12 59 97 78 92 78 54 14 90 61 46 7  19 60 56 69 50 59 20 81 5  43 10 82 21 92 34 12 58 76 85 7  79 1  78 28 82 0  94 12 8  74 61 83 11 7  63 77 72 15 36 23 24 84 11 75 45 90 81 75 42 82 78 72 54 76 35 24 8  4  33 79 62 55 3  15 46 78 95 16 57 55 47 90 79 93 9 
37 40 50 71 28 25 74 68 86 19 42 59 20 96 73 13 99 30 38 11 50 34 54 34 95 16 47 84 29 86 36 85 52 92 40 16 55 92 46 83 35 28 71 38 81 74 6  84 22 46 74 40 89 14 56 12 37 59 85 28 79 96 75 38 8  73 19 91 51 94 64 55 38 47 70 87 36 79 98 13 26 4  87 39 12 76 92 79 64 22 2  99 84 22 4  68 83
5  22 48 6  74 58 83 13 5  77 36 40 29 1  7  42 98 75 45 15 50 31 23 8  11 88 64 87 56 82 46 55 5  7  64 99 40 91 3  42 36 97 54 82 19 14 31 97 46 45 7  93 74 50 84 13 61 7  9  22 20 91 19 38 14 76 35 30 20 8  37 64 51 69 85 4  70 67 79 38 97 45 79 68 12 16 3  34 89 28 6  29 15 74 25 57 69 30
