62
33
90 54
12 85 86
55 66 97 69
85 58 96 28 92
5  88 50 90 81 63
19 61 88 62 37 60 55
58 6  17 27 49 60 78 21
66 22 59 32 78 61 6  1  64
66 56 47 53 36 16 8  34 63 66
48 78 89 68 32 44 68 50 18 95 73
87 72 45 71 74 22 50 43 42 39 8  21
9  3  24 46 94 32 35 35 69 91 80 27 52
47 73 38 23 80 1  52 26 95 31 93 51 71 2 
51 64 48 27 33 79 36 50 71 17 90 56 8  50 53
22 55 52 13 3  81 62 86 4  17 70 33 40 22 47 32
81 35 52 53 68 49 81 65 24 46 62 28 64 51 10 2  24
26 62 20 88 92 16 47 76 52 39 93 2  36 14 58 4  70 0 
79 33 62 34 78 50 8  33 80 64 22 11 8  86 82 76 27 55 22
62 57 90 97 92 23 95 93 6  63 53 25 12 87 81 52 80 73 42 39
13 41 60 34 77 45 46 7  29 79 36 67 9  67 28 39 64 24 83 73 6 
53 46 63 28 88 97 39 62 17 49 41 43 29 42 86 10 24 94 22 85 88 44
83 13 34 84 51 15 19 3  9  71 31 41 26 85 15 87 8  87 3  69 25 15 20
52 25 11 87 90 14 81 50 98 78 2  5  54 96 59 59 0  13 25 67 91 79 26 28
67 64 46 0  2  63 91 17 83 88 40 11 31 49 13 67 71 28 60 80 74 69 42 6  2 
48 48 32 84 38 66 15 89 79 14 37 60 74 60 79 11 8  84 41 89 58 18 52 95 73 86
94 42 48 82 23 76 78 37 4  26 46 12 72 74 29 56 93 5  32 41 8  40 93 38 33 64 80
31 82 81 33 45 21 37 43 66 10 42 24 52 82 59 85 12 89 20 45 95 26 43 78 59 35 12 88
32 76 82 45 63 20 15 84 56 8  97 92 47 95 77 35 71 76 85 12 76 29 43 61 12 44 46 14 62
90 3  6  35 83 99 12 23 8  0  19 22 92 52 29 79 73 90 23 2  7  26 52 79 78 90 58 51 25 53
4  68 95 52 75 15 47 26 29 12 35 96 78 70 15 58 36 25 1  54 58 95 56 0  46 54 9  93 65 49 67
90 19 47 96 87 21 22 37 22 44 66 74 90 83 75 14 0  85 11 23 95 57 54 7  81 83 85 69 3  73 38 55
10 80 87 15 21 36 64 70 52 8  41 46 4  39 39 2  72 13 34 54 95 18 57 83 52 52 10 26 64 14 89 31 92
29 74 18 72 13 0  58 50 14 27 3  80 23 33 12 95 13 77 59 30 57 21 62 96 70 98 24 38 19 30 39 13 25 6 
98 62 28 84 10 25 95 91 38 24 5  89 97 9  80 99 40 68 99 96 8  60 51 64 60 89 18 20 42 1  26 79 96 57 77
61 79 41 24 33 93 77 73 75 86 55 94 61 69 27 37 97 41 87 78 38 2  30 29 30 61 21 14 8  80 10 19 96 5  4  55
87 6  18 50 92 6  86 21 36 24 31 93 65 2  13 56 8  58 31 88 91 69 37 99 79 47 75 34 1  75 30 46 8  90 21 46 88
14 23 60 2  89 67 7  67 44 61 33 9  91 46 91 56 84 20 81 31 45 44 78 18 6  54 81 77 13 76 59 59 28 32 94 8  58 61
89 42 98 80 24 23 79 83 55 65 85 62 69 63 26 15 91 43 24 55 82 45 82 95 13 54 91 95 91 56 62 16 2  38 32 7  86 61 62
49 44 9  75 81 5  7  38 25 7  70 24 77 62 63 51 35 21 26 25 9  23 84 85 74 8  92 29 32 80 4  25 16 46 56 55 88 30 59 86
70 7  47 98 25 78 86 78 54 16 32 13 53 25 84 91 34 50 71 77 84 62 9  61 25 6  28 55 59 94 29 11 27 0  29 49 95 10 34 15 3 
52 64 39 84 53 53 16 95 65 87 66 11 74 60 86 12 38 97 63 3  63 18 71 6  26 47 66 7  92 49 96 9  73 89 19 87 32 56 7  33 80 79
8  23 86 52 69 96 12 84 26 25 72 44 80 85 22 70 42 24 79 73 39 51 24 89 43 56 33 11 97 69 48 89 49 58 10 60 81 58 19 71 30 1  44
1  14 64 56 90 61 57 7  94 8  31 14 97 55 60 12 69 36 32 86 88 97 8  82 22 46 53 27 10 7  48 56 94 4  24 68 76 25 30 88 97 32 76 71
48 76 91 87 19 34 30 82 45 63 6  34 0  7  14 8  90 88 41 43 23 19 53 22 73 97 20 5  66 1  94 77 92 51 74 94 33 87 25 20 7  16 45 53 87
51 31 89 81 49 65 2  53 10 73 51 39 46 77 47 98 68 33 9  86 96 75 10 70 19 21 81 54 68 38 35 75 27 74 6  0  30 20 95 69 16 25 67 98 46 13
43 10 80 18 13 61 8  53 17 72 86 39 80 51 92 11 36 62 75 57 31 94 84 43 18 78 25 55 72 60 36 62 18 53 31 85 22 36 86 19 18 48 48 25 33 54 24
65 74 61 22 95 81 84 67 52 57 7  73 61 16 9  96 2  12 48 3  29 68 99 50 62 62 54 13 44 51 66 67 29 16 48 14 57 3  67 66 46 48 36 74 84 62 18 30
21 93 99 47 3  84 93 67 63 80 98 49 41 94 24 8  73 57 82 23 93 67 73 0  57 17 92 16 31 70 3  53 73 30 64 43 4  26 98 92 64 96 15 41 48 1  60 40 91
69 72 69 96 78 81 10 16 75 9  17 59 42 84 88 87 49 72 97 61 0  87 97 45 28 27 3  97 54 58 24 73 11 76 55 73 39 6  57 51 89 80 87 50 55 34 8  65 89 17
52 13 8  19 74 56 50 19 22 78 18 1  9  88 29 15 52 9  43 32 60 86 5  30 84 17 88 74 57 86 70 60 71 96 71 99 9  1  70 55 33 83 77 65 36 49 91 37 88 62 42
5  53 75 70 96 72 86 91 72 81 22 1  26 47 68 69 82 8  61 70 97 88 28 53 85 38 2  50 73 15 58 89 24 78 48 64 82 26 91 88 48 77 50 50 29 78 45 39 0  52 38 70
98 43 11 16 87 66 25 90 76 36 82 81 79 62 20 41 38 76 92 96 95 93 98 58 20 43 99 61 69 57 29 11 79 41 60 96 32 4  50 1  88 12 72 23 82 89 4  39 0  41 77 23 7 
51 92 33 65 43 83 18 83 22 1  66 27 88 17 28 8  19 68 87 46 7  81 22 24 98 85 86 64 11 23 58 80 25 98 18 53 51 22 35 79 74 27 53 76 54 91 7  37 30 68 55 2  30 21
31 19 18 86 95 7  29 13 81 25 33 94 87 7  81 15 3  64 63 99 36 66 28 25 91 49 32 37 88 68 1  27 69 3  6  47 94 3  34 46 54 18 87 97 6  81 51 4  74 92 29 82 1  79 93
77 48 14 23 92 15 18 54 25 42 89 98 86 98 97 76 13 4  99 93 98 72 74 11 89 85 45 6  19 97 81 46 46 25 16 27 29 2  40 74 72 54 88 50 16 31 90 99 75 7  67 12 35 87 37 85
42 42 72 59 66 67 97 3  9  31 52 11 2  45 32 14 19 9  55 86 10 77 41 45 1  98 45 66 76 85 52 6  81 65 96 79 53 5  35 65 1  51 59 96 39 13 64 24 15 5  48 11 5  71 22 27 74
41 79 83 73 62 88 70 29 23 93 30 75 7  62 94 62 75 83 91 26 21 1  26 78 58 87 51 40 26 32 8  82 83 10 73 18 7  17 22 32 73 69 35 42 42 17 48 61 94 44 33 30 73 69 0  6  87 21
65 69 23 99 44 43 80 97 62 30 9  7  46 87 42 24 61 39 71 8  76 19 92 85 12 67 36 47 20 83 91 2  12 20 74 4  88 11 21 97 62 19 32 23 94 30 12 21 96 55 67 66 90 74 97 31 24 40 10
80 9  47 24 98 74 72 37 8  1  43 54 82 34 14 91 63 83 93 37 77 82 18 36 42 64 62 35 46 23 49 72 46 0  7  25 30 4  51 29 54 69 81 26 40 3  77 61 81 96 42 80 80 77 61 3  64 1  78 18
12 9  93 90 48 21 4  40 28 40 29 61 72 95 25 55 43 25 17 75 5  78 72 58 97 91 73 64 38 58 99 60 57 80 44 38 90 49 19 12 80 48 32 60 90 38 48 15 13 38 30 4  92 71 67 40 79 11 42 83 48
44 2  77 54 38 74 62 24 26 40 96 89 0  3  45 96 32 81 34 53 41 29 78 20 95 62 17 40 90 94 28 96 62 55 22 52 91 58 81 93 23 40 90 74 88 40 25 49 0  23 29 52 98 62 59 13 86 26 90 14 54 44
