76
41
47 91
79 60 31
49 86 47 21
77 3  2  62 60
64 19 22 16 37 5 
14 19 16 56 13 50 43
14 30 10 77 9  88 45 61
93 6  21 51 61 26 91 56 4 
35 99 79 84 74 4  26 67 79 7 
38 74 32 30 4  96 97 57 38 78 24
25 16 73 97 64 69 12 92 88 73 43 4 
41 31 9  55 61 42 15 82 82 40 58 95 76
2  75 46 77 94 81 23 17 35 85 51 85 12 47
54 39 92 45 11 8  20 70 38 86 34 1  66 99 23
44 90 61 21 31 53 47 38 48 43 4  56 9  77 47 88
50 0  32 79 11 0  74 80 55 64 36 28 96 33 48 28 20
87 44 83 33 55 71 82 22 70 75 95 54 35 81 40 92 10 57
11 77 38 18 98 21 7  42 39 58 70 64 67 64 96 38 94 62 23
58 27 33 31 12 93 66 80 33 33 3  49 33 48 60 41 62 31 40 19
52 40 82 85 62 38 17 71 60 38 96 85 75 97 93 38 10 14 45 57 79
86 87 78 69 36 23 62 4  99 88 45 18 56 43 90 65 18 19 98 65 10 19
16 37 16 62 39 61 56 60 51 77 92 2  52 85 55 58 99 49 31 65 26 72 68
36 85 12 27 68 80 64 14 79 79 10 95 64 53 58 37 11 80 86 94 93 56 98 33
76 38 69 73 86 6  90 82 71 87 59 95 99 54 99 43 9  47 18 67 60 79 82 26 41
39 34 8  16 48 29 6  53 27 64 95 12 46 5  41 31 7  32 30 51 65 63 52 61 7  59
40 86 57 52 8  75 58 73 16 15 34 0  93 17 2  30 98 75 14 41 44 84 97 62 8  21 44
26 4  34 5  92 67 21 44 77 53 28 33 20 16 52 84 48 75 45 20 84 22 51 89 19 82 55 17
9  71 72 3  34 15 33 18 92 6  94 90 34 59 89 56 3  50 2  93 57 81 41 72 66 81 4  84 10
94 65 51 6  10 82 23 23 5  50 90 15 10 89 18 83 17 75 78 62 53 63 61 7  59 62 76 81 22 86
0  55 71 11 63 53 93 87 77 92 6  42 48 94 35 40 5  87 1  56 42 36 98 8  3  98 57 87 30 10 70
70 92 39 5  84 44 86 73 20 71 1  82 60 14 58 27 29 78 88 82 80 77 46 97 54 3  17 51 9  33 6  73
62 80 83 42 47 46 55 71 88 46 76 73 94 86 66 32 47 57 78 88 13 12 99 56 76 45 26 41 44 63 43 7  92
29 1  65 48 97 69 11 86 75 46 90 85 27 13 7  20 66 88 26 52 57 94 39 25 57 75 2  0  59 33 39 87 65 37
69 37 95 61 98 85 5  20 22 19 34 40 71 71 12 2  1  28 13 44 66 32 47 21 96 80 95 10 86 29 95 93 49 41 29
36 43 29 93 50 57 60 2  34 68 42 85 55 44 61 32 20 1  60 65 37 53 54 16 14 68 27 19 38 5  96 11 39 68 57 81
4  54 88 7  2  89 95 23 95 86 41 37 30 91 19 74 36 81 48 87 94 30 43 24 15 36 9  29 27 34 67 20 5  73 30 15 94
13 53 32 62 95 58 25 64 13 6  79 27 88 47 70 29 54 7  15 64 28 99 94 43 37 65 8  68 77 43 43 89 1  18 55 86 10 42
86 38 66 70 44 5  8  15 68 23 20 67 38 33 72 89 15 14 30 6  2  19 65 8  28 27 2  2  55 57 48 14 28 99 45 30 46 86 83
56 50 11 20 7  14 84 74 65 76 9  39 60 30 63 16 95 66 34 90 87 91 4  98 37 69 4  41 36 59 61 90 24 94 80 98 20 78 53 97
67 73 89 60 23 59 98 47 86 11 71 33 10 48 66 10 34 68 69 51 97 14 83 22 75 63 33 10 11 13 18 25 96 50 22 77 70 52 68 32 16
61 68 35 70 46 40 66 63 80 90 51 34 90 7  53 22 99 73 39 50 36 35 6  16 18 62 26 3  61 7  16 72 33 68 84 68 76 65 99 93 93 54
62 76 21 77 17 70 91 37 32 55 75 30 44 93 43 53 52 27 26 53 36 52 16 68 6  25 26 69 70 26 87 70 38 71 60 98 15 95 5  48 8  65 35
81 0  89 88 92 95 52 82 75 16 62 40 3  71 82 28 57 5  22 4  82 39 3  90 56 22 55 43 1  29 42 88 45 71 52 94 78 93 69 27 66 1  47 62
56 50 80 56 90 11 51 18 29 27 45 35 4  67 24 47 4  45 0  52 61 40 72 41 20 92 14 75 22 91 58 15 64 86 12 62 61 8  7  19 79 24 86 50 56
67 2  84 9  82 90 26 53 7  6  52 23 55 24 11 43 30 25 28 18 56 52 26 38 95 86 25 83 88 14 14 30 83 14 59 39 17 70 38 23 79 10 56 53 32 45
85 7  54 34 39 76 80 0  15 41 3  77 78 15 74 99 4  92 94 96 37 30 85 74 23 78 43 33 41 36 76 53 97 83 6  67 55 62 77 74 57 18 9  93 28 29 34
31 93 5  24 10 91 49 97 22 62 16 83 91 19 15 79 30 25 10 43 14 21 26 2  34 13 34 81 29 53 2  76 0  57 90 8  29 39 87 21 75 5  22 9  32 13 90 57
63 58 20 25 90 53 1  37 97 49 78 92 93 87 75 92 74 72 17 62 82 34 9  75 89 42 78 38 15 99 47 81 95 8  23 83 1  16 59 66 57 79 40 69 95 46 68 72 93
90 19 0  52 91 91 67 31 77 22 26 88 96 80 38 38 34 18 60 80 50 74 11 41 7  62 27 46 33 37 27 38 15 16 23 68 2  82 70 31 80 6  69 76 26 76 97 79 13 98
55 23 19 76 38 26 1  20 89 44 50 86 96 52 92 96 26 20 43 21 1  47 1  85 18 44 36 76 10 68 57 14 67 2  4  7  53 57 80 7  33 11 11 3  60 2  23 9  33 85 95
14 43 30 46 57 72 8  4  1  52 51 36 60 57 63 82 58 97 32 1  55 54 29 28 37 70 54 81 0  70 78 53 42 16 72 98 43 47 32 46 63 98 88 70 60 34 16 22 83 65 90 48
55 71 34 11 16 64 64 13 1  23 97 10 61 5  32 60 20 90 46 44 61 6  98 18 45 73 83 38 9  22 62 81 80 42 43 60 32 21 89 19 8  75 35 89 29 78 24 51 11 2  67 11 65
73 25 14 65 11 53 27 48 50 15 3  0  20 99 12 56 66 99 49 53 90 67 28 57 7  94 44 76 88 56 52 72 85 70 63 0  46 49 10 46 91 60 49 97 18 34 83 72 41 56 94 34 20 11
7  18 4  57 19 24 64 59 92 48 2  99 96 32 51 19 52 14 8  58 18 54 94 44 79 51 4  77 44 60 82 79 41 65 51 15 38 81 78 8  83 4  32 57 51 47 18 35 99 0  82 92 52 27 58
89 28 76 15 81 51 60 42 95 32 33 49 24 47 63 32 51 17 77 62 8  65 84 33 22 71 5  74 37 91 90 43 72 37 23 91 82 9  10 55 12 55 61 29 90 20 26 34 27 65 24 67 20 79 11 25
34 66 60 69 54 67 37 23 84 76 0  34 42 99 56 13 22 83 57 27 7  73 33 57 3  0  47 25 54 15 78 86 33 36 95 52 18 92 74 37 70 19 64 22 39 89 82 50 76 90 72 97 92 93 35 62 5 
75 53 17 98 84 27 13 44 78 88 1  93 92 83 13 74 18 93 70 36 61 91 76 10 97 94 78 48 56 44 72 7  40 93 4  95 42 64 86 72 78 74 22 79 99 46 37 51 22 41 26 38 53 80 61 46 62 74
3  6  89 28 50 29 57 28 91 35 6  40 98 53 46 2  79 19 14 36 58 14 57 43 40 33 71 83 89 42 53 7  16 23 28 89 16 61 28 27 75 77 86 39 11 87 93 68 71 71 35 84 71 30 88 55 62 94 10
6  55 31 28 68 79 55 0  79 14 97 49 53 64 60 55 82 95 36 11 33 85 44 44 42 73 25 31 78 32 97 27 52 13 51 33 88 35 42 10 47 35 72 69 73 34 46 28 46 56 78 6  12 68 82 37 89 77 31 35
4  17 5  16 24 21 46 40 58 57 72 93 53 69 0  63 46 85 5  9  85 50 97 7  98 94 64 93 31 69 32 55 85 47 94 2  63 30 10 45 42 52 51 22 75 36 52 60 63 31 62 55 49 16 64 56 90 54 17 2  31
2  40 96 6  46 72 11 52 0  84 21 83 31 37 51 82 75 89 71 23 20 23 98 44 66 81 98 58 48 55 38 62 41 4  13 40 61 1  49 0  44 7  82 2  20 14 29 99 98 45 33 58 92 23 12 9  75 96 48 1  93 78
25 10 20 72 57 61 29 29 59 98 61 75 30 27 96 80 64 46 2  85 96 97 25 1  67 57 3  79 57 9  44 21 36 46 9  52 81 67 38 16 48 6  65 93 62 43 66 3  61 69 67 74 78 9  82 53 38 4  51 49 91 22 5 
53 64 38 84 49 20 5  67 75 50 66 13 37 46 54 83 59 11 53 93 96 64 69 39 45 75 34 90 48 32 48 16 16 82 30 84 71 97 28 8  85 13 18 77 61 62 19 83 25 65 0  37 76 97 56 1  52 60 16 26 77 85 37 60
17 51 87 57 89 23 4  52 87 75 80 38 18 99 87 93 58 17 18 55 77 17 80 90 15 7  27 53 20 78 87 76 93 21 30 80 90 13 14 90 65 54 24 17 54 14 69 6  88 47 53 68 49 60 91 9  58 46 66 25 43 90 26 62 71
81 56 83 50 29 99 99 73 19 93 31 29 38 93 35 55 33 64 76 95 42 7  53 50 68 92 98 93 59 72 74 28 45 38 2  96 45 6  67 2  10 66 50 82 14 22 24 63 31 84 29 17 67 47 70 21 11 89 29 3  93 77 66 97 59 1 
23 85 82 17 86 68 45 11 88 16 39 7  0  7  96 20 54 27 41 74 50 17 58 89 47 15 20 43 7  97 9  92 73 19 27 67 17 51 40 81 34 57 71 73 17 76 25 55 83 11 14 17 24 98 26 35 95 14 24 45 98 1  34 28 10 3  95
94 46 54 93 25 17 10 6  81 41 34 39 81 69 71 65 40 98 15 37 2  1  94 37 17 88 41 55 33 43 82 23 26 49 84 69 4  17 51 31 60 50 51 26 51 44 63 27 31 84 70 45 59 52 82 33 68 7  29 37 97 19 34 46 37 87 83 20
73 46 22 16 21 99 27 84 98 5  94 2  9  44 26 11 75 33 75 80 30 31 11 19 23 29 38 63 43 21 98 87 20 90 56 18 84 93 91 67 80 17 24 5  36 27 58 8  71 52 42 74 53 46 18 11 56 53 14 60 57 65 59 27 98 15 40 96 25
45 25 68 91 86 22 26 49 29 24 58 72 97 37 31 91 14 7  3  85 93 44 1  10 42 52 87 69 74 73 19 5  61 20 98 78 74 73 91 12 0  4  70 77 56 27 95 17 88 26 93 2  74 25 35 5  49 28 75 86 78 12 65 8  83 99 79 84 15 54
82 1  91 49 72 37 56 46 9  76 7  11 83 7  31 27 69 28 61 52 8  84 33 21 4  4  90 78 62 81 81 72 98 5  90 41 37 33 91 70 83 8  63 16 13 60 14 95 79 46 26 3  97 13 50 23 88 8  11 75 40 8  6  80 98 14 99 48 96 29 57
62 86 33 57 82 48 67 20 75 5  29 48 96 4  41 50 92 91 34 17 37 33 90 26 59 88 11 14 85 1  59 26 11 94 7  63 56 90 11 19 49 71 19 43 7  15 19 90 84 71 37 29 60 26 35 27 61 94 19 85 72 13 53 53 3  47 92 82 20 91 49 83
71 9  67 56 96 47 87 2  19 50 67 34 10 98 30 83 69 65 16 8  47 17 95 46 23 69 71 52 71 97 2  66 55 11 10 83 24 73 58 56 23 81 18 5  80 89 20 29 6  78 4  50 86 26 11 37 34 78 93 35 0  47 50 0  2  49 13 24 89 83 90 1  99
7  93 25 37 21 57 44 72 45 51 81 85 2  45 24 97 89 99 70 63 81 78 94 96 64 7  76 34 20 55 74 24 66 19 40 81 1  88 48 80 76 0  28 15 0  59 52 43 44 31 80 11 71 30 4  26 20 84 16 90 57 47 52 45 71 6  66 39 31 29 0  73 8  11
14 61 48 84 94 76 44 82 48 15 77 39 63 78 41 6  1  56 79 25 94 78 22 72 95 16 98 88 9  24 59 66 2  79 49 27 81 68 69 79 17 21 71 99 62 32 55 56 30 18 31 11 87 98 1  67 86 2  69 84 7  98 63 6  60 9  6  4  69 62 15 0  57 78 38
8  74 66 71 95 39 72 33 6  71 85 51 84 44 54 54 53 82 6  11 94 91 2  38 87 17 68 29 12 94 50 31 88 64 64 44 22 17 55 20 0  74 52 7  51 22 32 69 95 90 17 97 27 18 63 98 38 67 62 88 89 76 75 91 32 98 66 2  60 56 4  71 89 62 92 85
