80
67
96 81
88 44 77
97 29 11 55
50 13 83 28 11
79 53 45 3  3  8 
81 95 94 40 57 76 66
0  11 27 23 38 87 20 2 
48 95 32 24 2  60 36 66 46
57 80 32 9  20 53 64 93 94 66
77 89 81 35 51 7  76 22 17 63 75
25 2  85 6  13 21 11 87 50 81 78 50
7  18 39 96 32 76 85 83 87 58 10 9  89
7  94 24 75 24 27 21 62 0  27 31 76 29 23
90 43 23 90 34 60 55 59 1  46 72 28 23 99 75
93 12 72 69 13 5  73 74 55 95 50 1  48 17 96 3 
76 43 7  7  40 94 1  21 82 52 58 84 78 16 42 43 4 
27 33 6  5  34 40 45 10 13 88 4  57 65 6  46 14 44 21
45 18 64 15 5  62 28 27 17 18 41 43 80 1  74 48 17 8  71
56 65 30 87 80 31 52 86 76 36 8  54 37 27 28 46 36 96 45 4 
36 97 9  92 33 95 69 33 86 80 91 5  63 41 17 50 17 20 38 79 24
42 39 9  2  1  43 47 2  72 41 13 23 44 60 55 28 87 99 47 62 51 27
22 25 2  56 33 42 9  82 99 75 69 49 55 98 7  51 19 87 26 76 0  76 34
23 74 3  13 41 89 17 73 19 66 99 79 98 85 73 50 53 14 7  22 58 13 17 64
92 68 29 35 70 13 14 23 26 3  62 7  35 18 42 56 64 69 11 18 83 24 65 36 36
31 79 98 3  87 49 66 18 65 25 17 92 96 29 34 86 85 23 54 42 37 86 15 64 26 56
87 60 31 70 85 75 99 42 93 1  6  46 52 14 11 97 48 1  0  54 43 21 43 98 84 77 85
8  0  13 90 77 47 22 12 35 45 85 71 54 76 66 20 96 34 41 50 53 29 49 44 61 69 6  76
74 72 92 66 71 47 5  31 13 21 42 2  97 66 67 44 89 70 81 6  94 98 95 19 94 60 50 67 88
36 31 42 66 70 89 90 50 13 90 11 42 81 97 10 30 3  72 63 96 38 9  19 84 98 99 49 79 84 21
6  59 82 39 98 22 56 18 36 51 46 19 19 96 19 65 76 99 24 58 45 35 6  42 36 99 15 27 52 34 52
43 98 29 44 76 84 27 90 17 5  7  83 1  53 24 84 10 53 9  49 74 70 93 78 98 92 10 18 59 60 5  68
78 9  36 21 64 38 64 61 80 11 74 28 83 99 65 19 29 42 97 35 58 65 66 38 28 2  97 82 14 17 63 79 96
46 22 9  97 42 37 9  68 10 18 2  61 33 78 91 99 79 14 19 22 88 19 67 67 20 94 41 80 61 6  80 4  19 60
56 18 56 29 74 48 10 28 27 25 14 82 75 21 34 34 78 53 57 39 58 95 21 49 77 88 36 22 81 58 89 45 67 53 23
75 54 72 9  59 15 35 99 64 90 86 65 98 93 13 67 82 71 84 17 23 55 23 3  66 88 27 89 12 51 42 5  40 16 81 17
55 51 32 42 25 35 7  75 0  45 27 63 43 80 28 17 13 25 32 35 60 67 79 18 43 57 80 61 73 2  90 96 25 93 31 6  84
67 74 9  46 43 24 51 23 21 26 63 50 90 91 21 1  26 77 38 13 0  2  67 50 85 45 19 43 83 91 95 20 27 54 28 25 62 30
17 1  87 70 68 54 59 45 26 32 79 31 85 38 77 89 29 76 50 47 84 16 27 94 79 33 93 53 40 25 63 81 85 10 9  71 59 10 58
18 51 22 88 78 28 1  95 53 80 0  36 49 88 32 43 7  88 32 64 49 86 87 45 2  78 79 10 26 28 52 97 74 78 20 69 78 75 63 95
36 84 58 22 85 51 16 4  66 1  54 16 43 99 8  23 30 30 89 24 15 90 17 97 82 21 6  62 23 31 42 38 14 6  29 49 87 55 85 87 8 
40 33 22 39 47 48 82 19 70 43 50 74 79 29 66 65 3  45 10 62 49 49 0  15 41 13 77 64 46 52 21 95 45 1  12 55 93 96 36 24 23 14
27 45 75 66 13 67 58 77 83 99 67 19 9  16 49 86 54 64 19 98 49 54 13 5  4  78 47 88 10 51 65 48 96 72 81 70 84 59 32 18 93 8  73
44 18 6  16 8  56 78 73 40 42 61 13 1  14 6  90 97 87 28 81 68 99 6  92 34 66 12 23 74 89 9  80 79 92 63 58 65 26 28 57 95 58 46 38
10 92 79 78 63 78 4  41 20 46 3  38 43 1  34 82 31 54 68 19 42 62 89 11 31 88 22 85 31 82 70 26 74 61 13 33 14 98 86 45 50 22 14 49 36
37 47 21 44 43 46 23 12 36 70 3  55 61 13 83 82 63 71 86 60 94 50 57 47 87 10 46 30 43 22 16 54 15 87 85 90 5  78 65 60 80 43 65 96 0  32
69 51 67 98 79 36 49 57 78 82 5  99 81 54 38 84 37 44 99 70 39 86 35 8  3  67 36 9  80 52 92 56 9  71 15 8  22 97 22 17 7  55 65 66 25 14 17
53 36 81 92 23 2  13 94 60 84 79 69 78 42 77 61 99 34 24 57 54 77 94 76 53 47 63 47 88 6  7  99 44 72 37 74 9  52 51 57 63 6  88 52 4  11 41 9 
91 71 69 54 40 12 30 63 1  33 50 22 27 18 2  4  55 27 82 98 33 44 48 33 34 73 32 47 31 33 0  19 27 68 91 0  42 40 92 15 41 66 59 49 45 29 15 24 44
36 28 39 52 27 98 61 29 71 59 31 75 76 24 9  31 46 62 84 2  59 14 24 8  68 85 24 41 28 8  10 54 90 23 55 30 63 6  51 57 10 98 47 77 3  79 57 86 91 69
73 13 40 14 90 78 63 45 17 90 38 84 83 54 51 38 26 66 89 64 20 91 85 2  1  40 75 27 71 55 51 21 95 29 32 45 43 43 9  49 38 84 30 21 23 75 11 47 49 90 58
97 98 56 77 30 50 32 36 37 8  85 35 27 61 73 20 58 86 37 46 84 34 24 9  45 65 10 72 46 91 62 11 92 75 50 7  70 16 93 45 38 66 50 32 64 2  40 3  63 59 49 85
23 77 57 65 58 74 92 18 27 40 58 70 41 42 71 73 55 36 73 93 43 94 69 22 0  57 53 81 18 62 25 11 52 86 31 47 27 97 69 79 41 19 45 82 2  14 3  79 97 31 14 78 5 
88 43 60 30 93 61 20 61 64 86 24 9  47 37 99 68 45 33 67 53 9  74 77 6  3  88 13 22 97 29 18 19 38 28 60 44 42 79 73 29 34 81 39 38 0  57 55 52 56 12 61 81 67 40
82 51 3  1  48 11 77 30 21 26 50 71 49 31 56 86 20 86 56 64 52 99 12 13 85 68 11 91 42 85 23 11 0  22 59 0  18 79 46 37 81 69 68 19 73 86 67 20 24 30 89 83 87 36 3 
57 85 38 4  10 64 88 25 61 27 66 86 66 68 57 1  76 5  67 94 83 97 92 45 51 37 31 68 37 91 62 24 76 26 26 65 52 64 34 59 89 15 44 45 37 15 5  2  24 87 28 73 86 15 56 54
78 12 30 45 60 82 62 90 51 0  81 96 34 29 81 91 80 74 87 66 60 95 95 83 47 58 57 14 29 62 15 86 87 18 70 19 68 60 76 22 20 95 9  27 75 43 68 10 44 27 8  96 24 20 71 23 75
84 77 50 91 37 27 24 32 12 48 54 22 17 97 93 18 83 91 1  4  28 98 1  46 12 14 44 43 1  26 81 76 4  80 34 67 38 8  40 4  43 2  94 61 74 32 73 57 71 58 97 84 99 34 97 76 9  69
82 34 85 49 9  28 15 77 72 27 52 62 88 51 12 58 25 91 38 81 28 86 51 35 26 36 5  49 83 26 31 11 13 7  55 66 80 76 19 76 16 65 73 73 24 48 92 77 17 86 19 92 53 39 57 62 98 2  64
21 26 82 42 92 25 10 77 88 59 14 24 33 3  59 84 43 41 52 8  26 73 22 89 12 95 43 87 52 84 55 61 21 88 3  53 85 83 56 43 88 20 38 67 9  37 42 60 89 22 3  15 4  12 86 63 94 54 25 9 
86 83 32 58 57 0  14 44 33 97 26 29 44 64 24 75 20 80 73 56 15 1  44 40 58 60 20 75 13 16 45 41 72 15 9  94 28 1  94 82 34 22 43 22 62 70 68 9  93 5  54 72 95 51 85 80 10 18 98 2  45
45 64 31 37 53 89 10 97 58 73 62 77 66 10 70 81 79 14 59 84 44 76 45 17 44 77 54 96 82 27 20 39 75 82 91 6  55 73 88 96 42 32 61 58 77 51 82 31 59 2  5  62 8  64 10 46 91 93 78 2  79 10
27 54 27 6  75 64 86 61 46 22 19 55 59 17 55 72 95 15 56 87 51 10 0  60 58 67 66 90 26 94 2  58 95 39 81 67 6  32 66 87 35 28 34 85 17 62 21 65 93 90 16 18 64 83 40 21 55 15 74 21 20 3  3 
2  30 43 30 29 58 65 93 99 60 8  58 11 48 94 35 74 98 79 17 81 28 70 11 86 55 82 42 25 84 16 17 18 50 56 46 6  39 97 78 23 80 40 58 55 34 25 38 22 15 82 16 58 47 79 16 91 93 99 71 32 33 56 35
44 2  82 98 53 40 16 98 51 14 1  4  76 7  51 50 60 40 47 24 83 60 12 67 18 44 45 60 32 40 82 86 86 28 89 54 81 90 51 18 94 67 44 65 53 89 83 24 12 46 86 6  98 67 14 71 40 35 16 29 67 26 56 59 43
16 62 86 28 93 53 91 48 73 13 7  97 61 97 61 11 81 48 37 27 10 51 42 48 50 19 36 94 88 20 90 88 0  31 72 2  48 55 2  65 44 36 27 13 36 42 55 43 79 63 19 60 22 43 4  46 8  16 21 80 79 75 41 57 21 13
49 28 33 4  36 41 5  85 81 71 95 83 70 15 23 53 9  95 6  53 82 21 72 63 12 88 68 35 19 76 13 49 20 27 3  34 34 2  30 3  36 67 54 84 97 48 38 93 87 85 62 64 26 52 21 8  5  14 78 1  60 2  81 29 48 43 45
65 98 82 36 97 51 8  29 98 87 12 30 58 54 59 22 12 61 86 97 90 68 70 75 50 60 23 53 7  86 38 57 35 61 61 58 54 70 70 24 62 64 8  52 23 43 90 70 62 12 68 52 7  30 36 75 63 9  64 69 46 22 44 5  6  48 35 13
8  16 25 76 64 17 48 47 97 14 56 29 46 16 12 30 21 79 98 83 84 75 90 54 93 28 36 54 66 77 52 4  34 91 49 73 37 17 56 66 43 54 20 86 31 73 69 68 92 18 84 55 6  81 39 36 71 69 18 79 33 59 6  19 53 66 13 54 84
90 88 9  69 18 9  52 75 4  16 23 62 50 60 73 12 34 99 61 58 88 0  61 74 72 54 4  64 46 39 86 64 87 81 6  87 31 16 83 47 1  77 47 95 61 17 54 87 55 68 90 97 71 46 85 63 63 35 85 84 24 14 46 5  33 76 94 26 70 38
76 92 95 30 11 33 5  56 94 53 34 6  89 27 97 65 11 2  53 62 63 13 68 38 71 52 29 59 95 13 87 65 10 77 43 85 46 9  70 30 18 69 44 6  1  29 63 22 86 80 30 68 71 38 55 3  24 50 58 87 30 79 42 30 79 27 63 84 80 11 92
32 10 57 30 19 87 95 69 93 76 86 16 91 45 5  78 93 89 46 6  86 7  14 22 64 74 45 83 5  84 26 85 33 48 32 91 28 76 14 80 48 96 25 29 30 24 52 73 78 57 42 64 97 66 48 34 14 29 47 7  9  64 47 63 56 4  68 54 98 85 77 30
84 69 17 56 54 25 60 8  43 29 68 49 62 58 99 95 87 97 35 0  29 19 33 52 20 56 47 31 98 37 77 83 99 35 88 30 23 94 5  28 67 26 75 48 48 36 28 1  28 26 28 45 12 16 15 73 36 38 12 90 66 97 91 26 50 64 97 72 13 79 98 2  9 
76 81 7  74 90 29 5  31 25 56 23 17 51 7  38 22 28 53 17 56 81 91 9  20 42 19 25 19 9  41 46 87 99 94 78 32 75 14 97 50 24 79 24 63 94 39 37 89 5  5  73 40 24 9  52 21 34 32 39 11 59 53 81 15 48 72 82 20 44 15 44 63 14 30
57 11 15 44 1  78 50 30 18 88 84 69 16 59 85 50 56 26 82 6  66 27 58 95 52 99 59 12 22 66 73 48 18 32 86 67 46 67 26 10 5  59 42 73 41 95 55 44 32 82 56 43 59 83 74 48 11 94 25 2  44 80 32 64 4  11 63 89 24 67 95 20 60 68 49
90 78 55 60 97 69 29 29 96 62 87 45 30 29 37 0  36 1  6  33 14 70 92 38 61 74 14 69 12 73 91 79 21 6  76 27 27 33 29 1  22 51 89 49 29 77 31 29 62 91 16 45 11 71 84 36 80 84 84 80 23 97 35 44 18 55 31 92 37 95 48 85 57 20 28 59
7  99 65 52 23 62 3  79 41 3  23 28 52 88 12 13 79 61 81 31 85 91 98 65 64 90 75 94 45 9  53 54 17 14 86 23 80 40 14 55 23 46 53 11 29 88 40 34 96 86 13 40 78 87 50 1  6  91 9  36 46 89 55 18 57 31 52 26 0  45 24 68 71 79 82 51 12
48 8  77 11 44 84 35 94 28 88 83 51 4  4  29 22 77 18 42 82 95 25 52 88 37 62 42 0  60 93 5  27 0  71 38 96 46 53 3  63 36 75 21 75 27 9  55 67 53 17 66 90 79 77 16 98 50 81 13 31 9  1  86 4  96 76 99 78 8  46 67 5  34 87 80 26 39 91
96 93 13 33 90 90 9  60 52 9  66 90 35 11 96 81 2  38 12 82 44 21 85 53 10 34 11 75 84 44 31 56 46 62 82 45 59 87 76 48 96 97 76 22 26 63 20 22 28 67 3  84 67 30 48 24 72 96 2  48 61 62 46 62 87 77 26 62 91 78 29 10 57 94 45 90 3  44 41
81 31 55 55 19 16 89 97 8  88 24 81 29 90 73 2  43 11 90 47 8  76 23 70 37 4  1  62 57 28 33 69 44 0  69 88 45 1  44 7  9  3  81 30 97 89 93 43 31 85 16 6  75 76 71 44 12 7  72 94 30 59 97 30 97 81 39 67 91 57 0  44 3  21 87 25 4  59 23 43
