89
49
45 56
91 4  86
23 91 48 47
11 24 93 70 37
93 23 74 0  97 71
89 92 70 88 72 81 64
3  72 6  65 73 69 35 33
13 39 83 31 49 75 48 41 46
53 68 38 85 97 84 2  32 32 80
92 33 28 90 59 28 26 90 15 49 78
69 52 46 68 47 96 60 67 35 51 95 43
8  4  62 49 67 57 78 4  3  90 81 80 10
85 19 55 55 65 16 22 4  26 59 13 89 19 30
0  81 50 47 47 53 43 72 56 58 98 1  99 26 76
49 64 54 85 32 37 79 88 47 71 7  85 23 98 11 84
18 27 4  62 70 48 18 26 81 50 2  65 17 5  41 15 3 
56 96 89 35 77 26 85 53 43 91 89 16 59 45 40 69 9  49
59 89 33 59 4  28 41 31 71 53 89 3  91 28 90 38 28 64 74
86 61 96 84 95 74 53 74 48 9  83 55 7  51 25 62 13 34 46 18
69 70 95 46 99 51 25 79 20 89 87 11 0  61 42 78 23 64 16 20 51
33 43 41 81 55 91 65 16 52 95 17 46 94 8  35 14 76 61 75 16 18 52
92 39 61 4  29 98 8  79 53 50 33 35 93 76 53 20 54 27 78 40 58 70 35
50 5  71 53 70 37 32 67 63 43 33 71 83 43 60 45 94 8  29 12 68 26 68 44
47 17 20 25 74 36 80 99 3  27 86 85 79 47 75 69 93 42 70 42 95 13 69 9  91
26 41 81 36 1  30 26 34 0  89 70 16 41 10 81 89 39 92 95 64 81 43 21 69 84 5 
8  20 74 58 65 8  42 83 50 43 17 32 25 78 1  88 62 66 97 65 37 30 56 67 65 37 6 
62 61 29 44 58 92 46 0  55 10 71 14 53 9  4  84 95 25 25 29 35 53 62 77 21 21 42 87
43 70 94 40 20 36 7  66 77 63 10 19 80 64 92 57 41 29 2  32 63 4  18 56 78 55 89 96 94
74 48 93 66 0  86 63 35 59 14 97 10 33 23 45 50 96 12 61 97 44 0  3  95 20 85 30 72 39 20
18 3  88 73 52 58 93 58 32 49 48 57 64 0  12 4  56 71 33 24 24 82 49 96 45 36 13 44 99 48 7 
87 60 1  93 15 44 99 90 90 78 37 30 91 69 42 28 94 52 13 34 57 26 73 56 86 87 94 93 84 95 58 83
7  96 47 72 25 62 46 43 96 77 4  60 11 61 80 3  77 63 8  79 63 60 39 83 19 69 82 65 87 66 46 8  9 
57 45 57 61 80 44 67 0  95 34 13 16 22 8  45 30 69 90 33 15 69 27 36 42 27 3  8  72 34 29 30 15 93 59
37 62 45 25 66 13 17 96 43 50 4  17 97 39 87 3  53 30 25 57 56 3  94 45 43 80 9  80 81 36 19 76 76 19 66
84 64 69 49 86 75 11 87 46 64 46 59 66 44 67 66 43 12 72 56 16 53 11 46 85 13 18 59 69 17 33 40 63 23 12 78
88 80 87 69 45 54 49 71 1  61 50 17 37 25 85 53 47 31 61 24 57 12 91 63 57 6  70 60 48 7  62 92 23 37 53 49 41
15 85 53 50 34 58 57 36 57 50 10 56 31 24 72 73 77 33 58 11 43 78 41 33 47 70 54 71 75 28 12 59 34 76 24 93 45 10
44 57 32 76 53 66 90 16 31 33 58 32 81 32 2  97 96 19 73 39 95 98 76 45 41 55 3  69 64 1  12 3  55 2  46 69 20 94 88
84 58 27 20 92 84 50 23 19 25 92 9  80 5  90 49 9  87 93 60 92 6  77 24 19 5  77 20 95 96 67 80 42 55 6  69 78 17 75 75
91 81 25 46 21 91 55 23 98 51 75 34 13 9  59 58 23 29 88 74 22 86 44 13 93 96 58 19 60 45 80 56 18 79 45 96 6  18 17 75 77
53 19 98 60 34 78 75 20 48 6  61 26 93 65 28 82 12 59 90 30 94 10 34 83 25 67 30 45 79 67 79 92 60 77 14 28 6  9  11 19 22 15
59 53 59 14 11 29 42 65 26 41 62 94 9  60 3  91 53 65 35 92 70 57 87 70 38 9  62 65 79 37 6  39 55 67 93 73 78 16 72 6  13 71 71
59 39 95 21 42 3  5  32 21 66 48 80 70 92 97 24 42 58 90 99 92 42 64 24 86 37 40 28 36 5  2  18 52 94 98 7  16 75 52 67 1  52 32 56
15 20 36 92 9  70 11 62 84 42 48 8  56 93 75 79 62 0  79 27 66 53 18 76 24 29 58 43 55 88 47 49 51 99 21 13 39 93 70 93 45 68 18 51 41
70 43 20 16 0  96 76 99 75 73 14 47 26 86 83 33 93 95 59 2  62 45 39 77 5  18 91 56 18 62 10 19 97 2  77 10 7  27 15 75 16 82 99 34 52 12
23 47 67 80 35 73 68 38 69 23 31 33 38 42 35 48 11 82 40 24 65 89 71 91 40 40 70 40 37 12 52 90 66 0  97 29 89 12 99 11 68 94 9  94 26 48 91
55 57 70 28 35 52 41 62 54 58 42 70 64 37 27 46 20 46 46 29 50 91 70 96 27 96 67 74 29 2  0  97 10 72 36 27 70 53 44 27 91 36 98 71 44 34 48 35
91 94 62 55 89 16 89 37 4  25 79 73 18 95 58 70 37 83 27 52 56 41 35 67 36 93 20 88 69 78 76 28 71 29 65 7  42 67 87 77 28 16 67 14 27 23 25 17 47
78 10 16 84 28 32 50 10 51 50 2  19 66 87 16 81 88 0  55 4  39 17 87 27 35 63 76 58 77 6  87 22 79 77 19 81 30 18 18 68 81 45 12 9  8  73 21 42 89 20
80 32 70 64 21 90 95 24 54 27 46 29 66 69 19 65 99 12 10 10 70 84 10 94 50 24 64 94 45 33 11 35 18 50 99 31 23 61 27 15 99 22 91 12 39 65 95 20 79 94 28
7  56 49 43 17 66 22 11 44 61 40 26 99 60 67 79 11 79 44 82 67 4  35 67 15 75 21 76 67 40 29 35 53 71 79 68 8  74 45 77 92 62 31 2  0  62 27 6  46 13 56 61
42 78 50 36 89 51 50 31 60 91 56 56 68 49 0  11 9  9  72 67 92 69 44 84 4  45 21 28 59 31 23 49 74 79 53 32 68 8  47 94 53 46 58 62 66 15 85 79 63 3  51 80 18
63 61 97 72 6  42 73 40 24 58 86 68 73 57 32 48 52 81 95 99 89 75 64 79 60 61 15 65 79 31 74 12 23 15 67 60 31 0  67 81 78 60 84 89 59 42 71 71 42 9  12 57 13 76
10 45 4  67 88 88 91 87 88 68 38 58 51 70 4  68 37 57 87 36 96 22 15 44 29 7  99 56 49 97 9  28 23 86 64 84 51 19 84 59 75 90 40 38 61 34 39 44 16 52 82 90 9  55 95
14 5  48 55 87 31 76 93 66 5  81 88 28 26 69 70 35 88 38 10 23 56 4  91 88 5  70 39 4  22 93 78 90 26 32 83 26 51 58 16 39 27 22 95 24 27 17 90 1  12 37 55 8  58 72 78
20 7  17 44 23 90 44 80 0  42 3  54 55 96 70 37 60 52 67 34 79 53 8  61 49 93 3  14 85 82 41 90 55 13 38 92 5  14 3  42 39 84 97 72 34 33 9  42 76 82 78 1  46 95 80 33 18
88 86 19 19 21 74 38 30 81 11 73 83 20 51 37 94 17 58 23 87 21 42 2  35 97 22 80 65 35 19 10 29 86 18 38 91 82 9  83 77 22 21 41 60 56 30 33 26 23 0  44 49 78 45 26 64 81 46
92 39 72 0  94 18 23 53 42 65 89 9  40 98 57 18 58 80 63 99 61 69 35 72 2  45 46 94 11 22 99 55 33 3  53 11 2  65 53 33 58 84 71 65 93 84 33 94 8  73 0  27 27 30 19 83 54 41 10
5  1  99 84 43 37 25 13 95 76 53 61 47 31 59 8  53 88 20 3  53 35 43 93 28 84 76 39 31 69 14 71 15 75 0  82 56 48 37 8  32 49 48 99 77 19 67 38 65 51 92 96 85 7  17 53 84 57 21 54
90 11 39 9  83 55 31 92 49 5  37 73 39 63 42 13 48 5  21 3  6  83 74 60 33 24 89 25 94 23 10 73 59 0  15 14 57 2  33 63 15 81 30 62 86 76 39 21 94 48 57 3  35 77 71 55 48 17 26 50 71
44 29 11 4  40 16 49 47 65 71 11 77 27 77 44 52 97 72 64 99 79 54 75 29 69 88 68 90 20 18 99 89 79 76 81 70 17 20 90 40 93 47 40 46 50 85 97 17 81 93 22 66 15 91 54 70 96 56 31 48 19 99
32 60 37 37 2  85 6  22 90 16 26 32 87 43 79 76 62 77 71 97 74 40 20 40 98 86 48 2  74 29 69 75 70 79 34 14 13 16 86 11 23 65 82 87 95 89 41 48 7  3  48 34 1  98 67 58 7  7  60 97 79 74 11
9  84 11 98 22 39 94 79 3  98 29 68 12 19 66 39 29 80 18 9  49 40 50 43 34 16 54 10 44 59 87 37 78 82 22 83 11 16 31 67 53 55 54 16 65 10 26 24 40 2  38 86 65 9  46 77 1  53 31 52 31 12 8  38
30 16 37 70 53 23 21 4  12 4  96 94 15 69 49 6  77 93 54 2  97 52 50 92 39 13 87 1  32 77 90 84 90 11 35 56 33 62 54 22 23 34 29 85 60 26 98 51 64 79 11 14 91 47 20 7  84 89 43 60 30 31 20 58 26
96 91 67 66 27 59 29 8  29 82 6  27 7  89 55 89 10 92 51 29 51 0  68 92 76 81 26 88 31 36 41 13 69 56 25 35 21 82 81 0  31 89 30 78 89 72 54 59 1  4  30 55 44 15 67 7  76 33 66 78 49 93 35 81 87 12
4  76 66 94 23 78 6  53 11 57 76 70 11 51 59 81 0  65 24 7  41 59 78 63 50 93 22 85 96 47 51 7  71 80 3  58 96 91 66 89 47 2  50 28 38 3  30 93 58 53 67 34 67 76 8  9  66 87 6  31 1  15 19 66 55 70 68
29 78 63 57 99 5  91 83 94 47 96 26 81 40 72 15 77 11 45 58 69 0  87 70 94 59 92 60 8  70 74 12 30 61 42 21 73 57 70 29 76 96 5  17 75 88 39 42 22 76 39 98 24 88 79 45 38 27 23 97 24 20 65 41 44 18 92 2 
12 8  34 94 97 68 86 34 94 21 81 37 19 57 61 87 80 31 40 61 46 31 9  65 79 51 45 94 87 46 38 38 93 70 83 31 34 6  77 0  99 39 63 67 84 43 97 43 28 93 60 4  55 25 10 40 73 88 17 78 3  87 7  38 2  48 84 11 48
19 75 50 64 67 83 21 39 79 34 30 29 63 96 5  85 23 14 69 35 70 95 12 35 41 84 77 11 11 44 95 20 36 70 15 14 53 41 11 47 50 26 42 60 0  72 33 38 80 79 91 59 67 37 93 24 33 70 7  57 17 82 28 13 40 11 67 10 11 87
33 14 82 72 67 4  68 61 91 42 37 58 68 67 78 18 71 33 73 5  5  61 84 90 75 36 28 27 75 23 68 71 38 77 29 0  87 36 19 2  24 57 80 72 48 44 41 52 79 43 63 63 63 63 30 23 26 5  84 98 17 63 3  2  61 87 43 8  55 21 39
59 55 96 99 53 42 1  81 72 66 92 89 19 43 79 82 7  38 88 15 26 94 65 98 30 66 91 7  71 93 79 25 32 45 28 82 36 44 30 30 93 52 43 39 45 10 22 13 5  6  63 5  70 76 74 12 50 24 11 48 25 48 58 48 26 58 25 53 92 55 46 20
71 76 66 24 31 16 11 97 96 99 12 35 45 66 58 1  76 64 76 61 99 97 56 8  50 99 77 20 58 26 73 81 49 86 93 78 72 54 60 97 30 78 62 92 78 18 32 62 66 26 37 4  57 24 36 0  87 13 65 19 24 68 93 82 2  98 27 38 32 62 30 11 23
97 98 62 39 18 80 57 16 91 50 48 52 96 54 47 66 87 52 43 41 2  24 60 69 37 25 72 21 7  59 10 78 78 42 40 93 10 35 84 56 44 30 11 22 61 88 14 44 54 79 63 55 49 32 46 32 98 64 24 79 14 2  40 83 84 15 43 47 73 55 2  8  90 48
66 55 98 98 49 51 66 2  17 30 62 14 24 99 98 27 12 24 91 56 98 47 69 79 1  2  65 64 36 7  80 12 39 95 68 47 34 33 95 85 88 17 52 43 9  45 68 12 76 36 95 68 19 99 83 15 58 30 39 53 39 63 41 17 18 35 80 8  25 77 55 51 47 49 86
64 48 75 26 22 90 47 5  58 38 97 25 82 89 69 10 61 93 27 57 25 31 13 42 71 30 64 52 39 7  9  73 60 8  19 98 19 28 21 19 85 36 23 67 50 63 92 14 61 0  20 72 86 42 53 18 4  89 59 28 79 52 66 47 3  67 47 5  80 68 36 35 54 55 97 73
61 26 69 25 51 9  23 38 54 47 58 77 81 89 18 1  43 97 34 92 73 43 90 15 93 56 4  20 94 70 14 69 76 93 5  14 32 4  85 60 69 68 0  89 80 51 67 4  81 51 93 69 43 16 18 43 42 21 5  70 83 48 56 47 77 55 69 66 71 20 62 79 11 89 0  79 93
62 3  65 24 66 57 71 44 96 94 1  20 11 63 5  99 18 18 58 59 45 91 24 66 33 34 89 82 31 25 7  59 88 36 84 43 78 42 50 86 55 80 69 45 70 72 93 43 68 96 68 8  73 18 6  96 89 53 89 99 52 68 61 55 77 31 28 96 80 12 81 5  86 57 78 28 54 2 
76 69 88 54 8  85 41 49 28 73 48 78 27 64 68 55 3  85 63 15 60 33 60 23 32 38 22 18 83 95 99 38 46 52 30 90 87 66 65 79 10 53 34 81 90 89 33 66 91 70 93 39 64 15 5  69 88 78 41 43 49 16 27 7  75 76 64 74 25 41 83 27 3  18 89 4  8  52 25
11 36 78 96 80 84 1  12 18 55 69 57 79 78 35 45 74 5  42 35 3  89 51 73 27 6  41 28 85 42 22 29 68 67 10 54 11 59 7  78 84 93 75 36 51 36 18 33 70 72 22 2  15 23 65 80 30 75 81 86 5  45 42 91 76 49 61 14 69 87 71 30 35 85 18 49 39 46 34 55
62 19 62 53 59 58 11 78 73 23 24 4  88 27 8  35 94 44 85 99 39 39 35 67 38 78 27 24 13 81 29 89 7  75 18 11 81 8  37 81 22 39 66 24 92 13 64 85 83 76 85 97 71 81 11 33 81 32 13 82 85 65 63 6  51 95 42 35 2  42 74 43 91 85 83 91 49 55 25 10 47
2  1  56 18 60 22 57 1  74 24 79 13 97 14 12 48 42 96 72 4  65 77 87 65 55 29 24 84 3  66 41 61 40 83 42 58 15 49 19 8  52 80 3  72 52 58 8  49 93 15 82 70 68 53 22 5  50 50 26 41 35 72 39 12 72 94 76 35 69 96 6  99 15 27 33 83 25 97 99 81 88 72
98 25 38 51 0  2  8  97 2  45 26 80 60 28 83 4  84 14 86 97 9  70 50 1  28 68 72 36 55 92 18 74 92 80 85 29 24 20 9  26 14 88 34 10 27 28 52 61 44 24 57 50 63 22 80 74 8  50 78 17 32 91 70 28 22 3  32 99 25 4  29 51 70 35 5  93 63 93 8  86 49 25 60
42 53 87 1  61 41 66 88 27 30 63 61 76 86 58 30 55 74 11 5  38 48 12 4  72 34 42 98 90 31 92 15 38 16 10 73 36 6  21 51 37 33 56 11 9  96 66 71 65 97 5  79 36 43 39 28 89 76 66 36 13 86 33 60 5  13 8  99 64 32 65 81 82 83 80 95 46 69 73 67 92 68 98 79
32 99 66 60 88 84 63 78 74 9  29 29 43 72 41 42 60 98 72 17 39 11 39 69 60 67 46 75 51 62 57 40 12 94 70 69 51 90 22 76 84 18 21 12 31 62 21 87 33 91 97 94 23 58 78 57 5  18 51 67 97 15 80 18 55 31 61 62 39 33 79 72 49 59 4  28 22 10 60 52 36 34 11 81 45
11 75 12 56 7  48 33 68 38 49 33 63 98 96 59 73 65 41 47 72 13 89 99 26 13 64 74 1  34 98 80 90 20 49 58 47 39 15 3  35 77 95 73 84 64 21 43 72 5  68 59 84 74 17 42 17 47 86 60 8  30 35 57 89 43 69 95 86 31 89 77 23 57 65 75 45 28 34 68 24 99 78 77 89 98 87
2  43 14 90 58 28 51 24 26 52 76 59 87 8  87 90 90 47 13 77 3  62 86 23 15 72 62 37 0  78 29 79 30 45 80 80 81 38 81 68 10 14 28 23 2  84 28 46 78 78 85 22 50 3  9  63 58 40 98 92 23 42 86 59 40 56 36 99 7  48 99 99 57 49 92 4  81 34 37 75 62 75 18 97 34 45 66
86 34 31 50 54 35 79 63 74 3  78 69 57 64 67 51 90 26 30 52 8  80 87 35 23 88 38 8  37 96 90 17 38 4  66 31 69 2  71 86 68 68 52 80 75 38 62 61 94 15 22 87 32 18 51 77 79 85 58 54 43 46 84 2  47 61 35 40 31 76 67 82 39 74 61 94 22 47 63 24 51 33 7  1  85 7  60 23
31 60 17 88 50 17 21 16 36 7  33 25 87 68 93 6  80 80 39 52 6  5  24 75 25 17 75 78 56 92 35 38 47 31 60 10 29 32 45 1  20 86 99 40 83 75 72 16 25 77 82 45 91 46 93 13 92 94 88 96 88 17 31 84 89 35 12 71 62 98 73 13 3  98 7  69 48 10 3  29 32 86 24 30 97 64 34 38 10
