90
54
99 20
37 78 33
72 40 49 7 
44 5  49 86 96
0  66 56 47 71 32
10 5  76 72 32 91 26
30 73 40 36 40 98 74 5 
83 57 37 56 9  8  39 70 11
63 32 67 21 84 67 6  82 72 67
10 88 65 51 56 39 45 93 22 42 2 
65 57 44 2  71 32 63 90 12 56 93 29
83 72 81 12 7  7  49 29 44 9  35 6  43
77 40 14 87 98 91 84 40 95 12 37 23 63 16
90 53 20 99 2  96 37 56 18 56 62 56 20 17 28
40 11 65 55 76 86 65 25 4  24 39 13 27 17 51 52
89 70 67 85 17 49 46 45 91 37 22 97 80 39 71 11 99
86 70 28 16 26 98 99 80 20 49 57 73 71 48 23 72 91 92
67 18 74 97 29 1  17 62 24 4  29 13 48 5  60 23 58 92 80
46 90 62 10 97 72 40 33 41 88 95 21 71 44 88 24 22 68 73 30
12 57 26 16 39 95 14 91 66 16 32 15 13 10 51 11 47 34 6  34 58
63 94 4  47 22 24 4  0  48 19 31 59 24 84 6  82 21 60 52 21 97 31
0  83 41 36 5  56 66 67 61 35 27 62 29 63 60 30 31 50 30 74 39 55 21
82 95 51 21 89 23 12 75 66 60 87 3  74 74 7  90 50 49 71 32 95 25 86 33
62 42 85 62 96 93 94 75 52 9  52 55 79 72 39 85 47 18 91 62 29 97 76 62 80
13 80 31 74 87 48 14 71 70 6  75 6  85 84 5  54 85 70 85 11 67 88 42 77 81 84
81 91 4  17 80 78 4  40 75 56 71 68 34 82 93 26 78 78 29 13 43 49 41 36 73 4  37
2  98 12 60 4  60 2  58 19 34 94 11 3  48 69 25 68 95 40 14 71 25 6  47 75 81 88 89
31 38 14 26 31 59 79 36 9  69 95 43 69 23 14 23 44 80 24 52 57 50 90 49 89 44 19 97 1 
12 91 54 71 2  13 61 1  67 74 33 47 37 15 46 40 0  27 21 11 16 99 69 45 71 22 10 87 8  60
47 60 7  50 80 13 14 99 90 98 5  62 76 83 19 16 16 95 23 68 78 44 31 65 74 43 56 7  23 7  33
42 32 67 8  54 26 24 36 55 10 37 55 93 74 46 39 73 94 58 38 60 65 18 66 3  44 64 91 31 78 28 6 
2  42 31 79 90 58 79 71 52 79 64 95 94 97 38 47 6  25 49 23 0  94 37 46 82 46 9  86 7  45 95 58 27
86 99 41 1  9  12 43 61 35 47 49 8  56 21 41 10 43 3  8  64 33 42 98 20 35 13 67 91 66 96 47 95 83 59
63 57 43 67 64 89 28 97 1  32 19 71 93 19 9  34 62 24 78 88 1  27 54 22 14 23 43 24 98 12 66 74 60 85 19
86 1  23 13 44 3  59 35 54 91 7  6  63 5  4  55 66 5  48 67 76 60 4  42 68 95 22 19 67 40 47 68 59 30 2  85
45 97 63 75 6  54 64 49 76 52 50 25 9  13 75 60 96 13 23 4  15 55 65 1  32 99 15 21 70 28 47 31 42 23 91 15 29
18 26 89 71 70 83 25 21 57 54 81 21 15 70 93 64 52 44 32 75 83 73 26 35 26 0  53 48 77 17 72 88 1  15 45 17 73 50
50 24 98 47 97 2  25 64 96 63 65 10 24 40 37 23 56 19 89 92 8  54 61 9  18 74 46 80 29 67 91 98 40 76 41 66 87 60 26
12 1  65 66 63 31 93 29 67 4  6  70 5  51 15 73 73 39 65 88 60 40 81 18 72 29 29 23 73 80 50 27 79 61 51 82 38 66 96 46
13 74 15 70 63 43 13 4  31 36 97 45 83 67 96 0  60 10 9  57 9  36 98 86 49 25 57 76 22 74 34 4  23 98 92 93 32 44 11 65 44
28 1  11 23 19 95 57 18 61 78 29 58 43 87 44 88 85 32 23 34 92 22 8  75 7  14 86 17 77 85 32 41 0  47 62 21 62 43 17 65 63 23
19 7  8  43 37 52 90 37 35 50 46 25 33 14 56 33 2  81 15 55 70 91 57 64 49 18 78 91 41 62 67 37 87 67 51 73 12 58 40 62 46 67 46
27 81 24 95 69 99 47 81 94 41 4  62 54 45 64 27 44 74 37 81 3  22 21 11 78 63 3  79 64 85 79 62 80 93 62 56 55 74 39 54 49 82 65 30
33 96 22 10 32 58 38 38 46 68 1  65 83 60 37 73 68 73 88 53 75 61 25 27 90 18 6  65 48 44 50 90 58 67 51 23 61 18 64 71 73 69 64 4  60
71 94 89 17 25 24 52 14 42 68 92 53 88 1  58 2  23 50 76 74 36 40 40 80 98 18 76 3  22 4  98 70 5  34 76 44 10 87 61 58 48 40 45 54 39 69
8  76 56 88 22 0  35 42 97 94 89 4  52 70 87 98 20 12 66 67 66 72 90 66 35 53 61 19 75 57 22 5  72 95 59 40 49 27 22 49 36 46 29 19 2  2  27
59 98 77 29 64 73 68 7  99 34 36 62 11 7  28 27 39 8  33 21 24 72 67 18 32 84 68 17 48 72 26 9  27 40 67 44 50 7  37 31 14 18 19 76 3  52 50 57
64 41 54 72 28 8  35 35 55 82 31 11 35 63 9  22 64 3  11 90 75 0  82 26 93 48 90 78 38 27 1  40 32 31 96 96 59 54 91 29 60 31 12 7  45 85 3  62 36
43 72 43 88 51 55 70 17 81 94 95 26 81 20 11 42 75 94 24 18 58 75 26 93 71 31 87 35 54 15 14 97 21 58 96 62 28 17 76 94 2  56 93 11 22 14 23 6  48 1 
49 63 99 62 27 94 40 59 74 90 46 86 91 58 91 27 95 0  76 2  66 46 82 42 30 63 79 75 62 32 50 35 66 82 49 76 95 98 94 15 17 57 40 48 48 25 36 43 14 96 31
44 65 50 38 47 28 7  33 77 69 57 70 57 51 51 53 58 93 81 46 61 82 64 85 69 71 99 23 94 58 93 43 87 83 44 7  96 51 8  95 70 64 98 85 8  52 8  5  71 28 29 65
12 37 8  28 21 6  50 52 82 36 12 76 76 49 63 6  39 79 80 55 3  61 34 23 83 2  49 91 73 1  53 1  55 8  65 16 46 10 29 71 15 64 5  49 8  41 20 52 46 82 39 67 35
22 35 20 3  51 68 70 68 64 80 35 46 29 22 8  18 12 33 52 75 66 89 30 29 15 46 12 79 29 3  59 59 41 31 76 90 31 94 93 79 64 92 8  53 76 78 10 74 98 61 67 31 51 29
24 35 9  66 51 41 94 13 58 49 44 86 54 20 97 30 37 78 3  98 35 50 94 2  66 72 12 63 52 18 77 42 15 33 1  12 85 47 68 54 7  14 38 88 0  98 12 99 67 68 44 10 34 1  20
37 97 61 46 49 37 44 81 78 56 18 12 90 65 41 47 21 45 81 54 81 20 94 86 66 33 36 63 47 51 59 74 35 33 41 78 83 99 59 7  9  5  10 26 66 23 32 67 98 58 94 37 2  36 74 80
30 22 93 91 62 96 64 81 66 17 35 95 98 73 1  60 94 63 81 19 94 32 63 56 91 29 22 78 17 90 89 24 30 98 21 58 66 79 26 53 64 77 52 94 33 81 99 48 52 63 7  94 42 90 70 60 97
6  33 41 55 98 95 81 89 17 4  65 83 79 61 24 52 31 95 45 59 32 69 86 71 12 1  30 49 44 60 83 69 12 25 46 44 71 95 25 65 16 53 10 32 52 15 68 23 45 84 95 31 62 9  65 74 1  37
6  21 34 9  31 27 18 29 85 99 67 14 45 53 38 63 98 60 42 91 42 13 60 99 67 99 83 65 72 13 59 35 48 28 18 72 72 18 66 98 81 22 23 41 43 89 93 55 4  54 96 60 10 13 73 48 33 63 67
60 90 33 37 72 33 17 19 57 76 41 57 27 78 17 57 2  25 67 19 34 97 74 21 42 95 86 76 30 3  56 74 74 93 57 45 41 27 50 59 14 1  88 3  9  98 10 86 79 42 44 93 13 19 60 3  40 83 38 94
49 72 14 44 0  34 15 66 11 62 58 27 9  62 87 14 28 2  9  15 74 5  18 47 18 92 18 45 81 41 57 63 37 14 30 89 8  62 44 39 7  92 36 76 22 28 28 4  51 91 20 29 3  82 72 33 8  50 67 81 6 
39 31 86 66 24 44 15 26 26 68 27 70 86 34 98 20 30 89 59 65 26 77 17 76 53 94 13 10 28 87 33 89 5  64 89 97 19 75 47 5  95 51 97 43 14 62 86 67 93 89 22 11 88 77 1  65 88 49 9  92 6  66
83 65 58 66 75 48 63 32 89 63 70 71 6  45 25 26 28 30 97 38 59 74 56 97 48 84 95 26 34 90 37 87 89 47 78 90 18 67 31 56 75 65 18 0  6  3  49 6  25 22 33 36 41 84 70 85 63 95 6  69 78 79 45
41 11 91 11 37 31 12 81 41 60 26 31 24 61 72 75 6  53 10 44 80 8  12 97 58 32 44 1  37 13 86 21 34 77 11 15 35 2  35 35 24 85 51 69 9  34 85 90 26 34 7  33 0  67 49 21 80 64 10 98 44 59 1  49
58 38 63 1  42 70 8  3  54 24 57 43 79 27 34 56 4  90 13 29 38 69 46 13 54 95 30 42 69 45 84 90 28 9  87 37 70 55 99 79 58 25 98 86 53 29 17 5  97 6  94 65 4  78 46 55 68 57 44 47 32 36 61 23 24
53 23 84 50 35 36 95 93 59 31 83 61 64 88 13 92 50 30 3  92 85 54 69 77 92 32 21 90 74 32 77 19 54 48 68 7  72 44 13 41 44 81 38 41 22 64 59 49 90 59 78 10 15 74 8  33 46 70 77 47 16 30 11 28 64 21
6  32 68 85 28 80 11 37 78 33 9  86 27 8  26 2  70 63 95 38 90 36 68 20 15 37 15 68 14 14 76 75 89 82 77 9  37 46 96 53 82 26 70 44 7  63 61 83 48 49 93 69 8  44 22 77 36 58 30 93 92 2  99 10 42 45 98
93 81 13 27 66 70 24 39 64 80 59 0  29 93 42 36 13 46 18 6  69 65 63 62 51 7  59 11 66 4  95 84 15 66 16 32 62 41 38 43 15 49 19 41 1  75 43 45 7  85 73 68 97 34 30 14 16 51 98 21 10 48 35 52 92 95 10 85
19 6  8  41 75 31 87 30 11 35 82 31 63 4  79 11 82 40 90 69 70 54 41 28 55 59 90 63 21 91 60 47 68 52 0  92 45 66 89 23 64 45 90 76 57 57 97 3  99 34 21 77 92 57 96 24 44 1  68 59 34 23 58 35 54 17 62 96 83
27 8  23 39 69 1  20 3  59 92 38 20 40 19 49 73 89 28 37 66 12 9  34 27 85 64 30 82 3  5  77 24 17 46 14 39 62 77 85 84 68 36 60 75 87 21 56 18 48 61 6  67 51 59 22 44 68 77 96 47 51 13 56 23 50 63 73 87 42 80
36 13 43 54 26 46 75 39 90 31 83 28 75 88 40 51 47 84 20 79 38 62 1  81 75 76 28 36 40 77 60 38 72 97 86 57 18 44 39 21 72 90 9  87 78 61 68 62 18 91 42 99 3  54 97 0  31 84 80 14 63 69 69 37 5  43 15 47 38 34 42
6  49 91 38 15 67 4  59 24 22 51 84 20 15 62 61 6  6  32 25 79 39 79 90 68 37 17 0  56 43 31 38 4  8  62 25 44 53 69 89 94 96 13 55 71 54 19 19 1  88 98 38 34 67 99 37 31 16 41 1  55 28 1  0  5  23 75 44 86 76 61 31
38 56 33 42 87 53 19 36 32 60 49 36 37 39 55 22 13 93 59 12 19 39 17 48 17 34 12 19 23 30 37 25 65 53 21 64 92 66 54 95 51 16 2  75 28 33 18 59 47 37 78 77 93 34 26 15 57 40 48 25 15 82 72 5  10 37 81 68 83 75 44 79 95
60 45 69 4  44 53 94 61 99 77 8  85 34 54 41 63 58 95 15 17 8  25 96 18 90 34 52 3  32 8  40 73 8  27 53 42 89 30 17 61 0  57 10 68 97 32 70 11 63 13 41 61 28 55 68 77 4  65 18 55 68 40 81 17 51 12 79 39 87 91 45 25 11 9 
62 97 6  57 69 35 14 19 95 76 2  30 38 51 44 68 85 61 24 69 40 50 60 46 74 55 57 27 97 57 48 22 90 74 83 76 65 99 17 60 17 38 89 14 48 67 98 81 22 70 83 34 38 56 75 68 86 19 68 77 57 76 11 39 66 99 31 26 83 31 7  5  61 48 4 
32 46 8  42 48 82 44 57 8  97 93 56 58 88 13 34 41 35 31 63 35 19 30 44 68 35 7  5  63 15 1  6  0  82 86 41 68 36 23 76 83 94 66 4  42 3  75 16 62 4  12 77 19 48 13 33 86 71 37 41 62 31 15 95 62 50 44 12 82 60 80 93 52 79 80 40
53 27 41 6  84 64 81 79 38 34 72 62 28 84 15 94 62 8  10 92 69 7  29 50 18 60 37 2  23 86 66 30 87 22 48 49 43 74 28 54 52 92 12 8  86 81 66 93 41 47 97 70 9  67 79 84 27 49 80 74 90 17 9  15 10 3  27 72 18 46 53 60 43 70 35 78 61
85 60 46 50 92 50 52 24 9  46 40 46 55 50 65 65 65 33 4  61 33 47 73 92 5  31 14 82 48 60 10 33 72 70 76 74 57 57 60 13 61 82 2  28 84 90 28 96 98 69 21 67 95 24 97 47 97 73 39 67 19 7  77 72 45 62 98 17 33 52 0  62 67 80 76 94 10 74
83 46 52 29 24 91 46 35 69 27 84 48 20 43 41 17 9  69 33 9  75 20 26 2  70 16 22 24 75 71 32 76 29 93 34 94 92 79 67 46 49 92 69 13 23 59 66 26 10 6  13 91 22 98 99 77 72 30 43 76 36 79 18 98 11 64 4  14 18 30 81 77 34 45 84 19 89 74 24
11 90 0  14 32 41 44 74 45 63 46 0  86 66 74 34 21 55 31 24 36 54 31 15 13 71 81 20 12 87 12 55 95 59 53 66 10 35 60 4  16 15 78 26 47 33 6  58 1  0  53 8  84 10 43 59 97 52 64 67 87 70 70 4  80 52 24 53 6  54 34 4  1  95 33 14 8  36 90 25
8  82 47 1  16 35 79 50 65 81 37 49 66 97 16 59 69 57 70 58 71 48 12 50 6  25 68 62 95 31 90 97 93 86 56 84 31 87 57 20 48 19 93 42 26 58 32 0  57 79 57 4  84 52 27 87 42 29 79 11 43 50 25 92 86 66 84 90 79 4  28 74 9  40 34 43 47 38 25 87 16
77 4  69 97 12 2  92 87 39 95 59 32 82 44 40 2  88 86 24 37 97 84 12 28 74 43 57 16 94 7  79 80 58 50 81 28 81 28 14 52 75 76 4  81 86 19 51 85 5  21 39 34 63 91 45 35 80 89 50 28 32 11 6  94 68 73 97 73 40 17 73 68 55 35 91 66 63 57 61 58 51 60
67 14 91 12 52 50 42 0  49 7  57 33 69 26 69 27 31 68 51 36 55 81 73 49 68 14 64 12 79 84 30 64 95 30 75 85 39 60 47 72 32 48 94 28 86 97 87 45 96 81 34 39 9  98 75 8  61 67 11 66 63 88 77 31 3  51 60 23 94 71 79 92 27 71 1  73 11 40 92 2  9  10 51
8  52 23 89 97 98 83 17 1  58 60 14 1  40 66 18 87 5  65 2  36 19 50 26 17 90 70 82 19 66 11 36 37 72 42 1  43 34 72 80 1  37 68 35 35 49 66 8  24 62 87 17 84 99 88 24 33 44 56 2  90 18 22 50 56 62 21 15 95 81 43 98 57 93 4  27 39 89 80 59 26 56 91 7 
96 38 4  19 57 48 53 26 15 0  40 9  74 79 49 76 54 2  90 81 11 50 11 44 84 71 50 60 30 93 11 79 20 96 32 43 48 70 16 58 48 66 52 59 86 25 67 60 80 5  3  86 16 73 42 15 51 21 75 80 98 89 97 78 73 67 33 94 79 66 66 26 97 0  72 32 89 29 74 12 0  49 62 34 22
72 62 44 34 6  14 99 17 87 42 53 58 5  9  36 20 58 26 75 4  4  8  53 54 85 30 21 40 11 46 91 39 25 38 74 26 63 32 11 85 57 49 14 18 52 57 24 79 1  94 96 15 25 93 15 74 72 25 96 47 78 73 48 35 1  52 84 18 17 23 5  16 5  14 1  8  88 42 88 16 44 66 50 24 23 57
89 45 16 54 19 59 57 1  4  84 39 96 48 21 75 84 16 90 15 47 60 80 8  88 81 27 51 43 45 88 73 94 85 23 17 67 38 47 29 34 85 52 1  95 28 3  24 41 31 70 50 89 42 43 26 12 44 8  89 92 38 17 29 42 66 62 49 84 9  80 83 41 42 49 88 86 70 22 49 75 55 85 17 10 84 62 75
4  97 48 69 12 66 83 85 70 16 62 62 52 9  19 90 5  61 99 37 7  51 36 43 38 10 24 63 13 4  78 31 39 85 96 78 62 66 3  33 13 99 66 50 92 69 18 44 66 92 8  81 13 34 38 73 59 84 6  65 11 41 61 41 37 67 23 78 51 99 25 90 85 10 87 30 38 4  6  26 65 76 64 8  91 19 36 61
48 64 22 72 67 78 54 67 68 44 89 4  45 59 43 16 36 59 10 42 65 85 17 22 5  59 65 16 39 9  54 83 10 83 42 61 88 49 4  90 16 57 11 83 1  50 3  68 40 36 14 91 3  43 53 36 77 74 65 54 6  64 1  86 23 46 62 74 48 24 70 0  44 82 95 3  31 33 98 91 8  6  17 7  97 29 92 71 3 
80 94 3  48 19 80 61 99 45 29 7  94 27 18 73 81 52 60 44 97 74 56 92 95 62 32 85 74 16 70 16 70 99 18 3  52 68 52 86 78 27 80 38 67 7  68 82 61 91 25 18 13 52 15 43 40 88 86 70 18 21 3  1  55 55 37 52 66 39 73 60 18 47 97 76 98 69 17 89 66 1  77 21 35 58 44 31 41 18 18
