72
87
21 55
97 92 63
7  35 84 64
85 42 70 97 39
5  78 32 86 12 48
88 56 22 64 55 67 56
54 17 29 70 1  48 33 95
24 46 88 55 45 96 55 38 83
89 17 17 87 85 13 41 95 98 9 
21 20 59 50 68 68 75 83 16 16 0 
15 26 3  20 68 77 97 4  60 45 74 1 
62 87 75 90 13 0  90 7  5  10 99 1  30
93 0  17 87 21 97 28 81 30 22 10 4  92 16
63 2  42 44 70 79 47 5  76 8  31 13 30 97 51
22 52 40 57 60 44 18 60 61 21 47 92 30 27 57 6 
23 2  55 38 1  60 45 88 98 95 56 1  2  80 91 20 84
85 71 85 43 42 80 27 54 67 13 20 74 30 95 94 45 44 19
22 47 34 57 56 7  63 60 65 71 53 42 52 9  91 53 83 16 31
24 43 91 49 4  70 89 11 58 7  66 15 48 56 93 73 59 83 57 63
97 24 22 49 43 27 3  21 59 42 41 25 44 78 41 12 51 31 2  67 6 
48 55 70 95 51 66 5  88 22 48 18 95 78 52 70 70 70 30 32 81 11 31
1  65 25 51 61 80 70 99 61 93 76 92 97 15 79 62 93 85 7  69 42 70 1 
59 70 33 1  52 3  51 45 69 20 58 12 51 72 91 88 5  83 49 53 7  11 22 38
79 87 97 97 1  46 95 19 36 64 98 6  7  1  57 76 4  46 26 59 73 76 34 80 44
39 1  60 8  39 57 52 2  93 94 65 71 65 34 17 6  16 50 39 53 29 87 53 91 43 48
37 6  53 97 2  61 30 60 56 39 21 16 83 66 88 14 63 22 44 53 86 9  72 96 8  63 10
43 33 2  29 56 76 72 12 4  64 52 46 44 30 6  23 1  90 19 13 83 54 38 29 62 12 97 69
55 66 87 65 19 86 20 82 4  13 26 81 30 66 57 62 75 29 11 63 87 59 38 73 65 91 0  1  14
44 53 53 51 27 35 96 26 12 1  81 96 66 84 56 33 22 18 97 23 7  30 72 7  89 21 60 60 72 7 
50 27 59 2  19 15 47 23 48 84 16 34 53 74 76 61 75 15 63 47 85 23 63 48 7  70 16 87 20 30 77
27 1  89 19 57 50 80 88 20 73 69 39 64 61 94 65 82 5  12 25 90 69 36 63 62 77 70 79 28 34 49 85
71 26 32 42 22 57 28 9  41 11 55 72 41 23 87 97 29 27 43 12 40 77 91 25 45 21 41 38 38 81 67 21 18
6  11 94 54 65 19 20 86 47 83 45 21 68 32 76 80 83 51 78 27 96 77 15 13 11 1  34 90 55 12 7  87 89 76
91 46 37 43 65 14 30 60 27 43 68 43 7  81 49 10 97 58 13 85 31 46 33 0  42 85 49 26 54 11 80 24 8  29 71
22 68 89 95 87 37 20 56 51 68 86 45 33 48 49 40 72 68 15 49 75 51 41 15 54 62 59 0  64 68 1  87 22 9  35 99
94 87 62 30 97 24 16 89 29 97 78 85 72 90 74 58 61 47 48 52 2  43 8  79 30 4  35 54 23 39 66 68 6  0  64 69 67
42 48 99 87 79 68 1  18 15 1  6  18 98 59 53 69 95 18 10 27 67 77 21 22 8  69 7  35 40 61 54 25 15 8  13 30 70 9 
30 88 84 11 43 19 27 86 9  45 90 12 18 85 95 28 2  28 29 28 44 44 71 72 31 22 74 85 7  98 38 85 58 72 31 61 32 39 88
68 1  76 88 58 49 52 36 9  61 95 71 99 34 8  53 6  32 87 78 1  85 41 47 49 27 73 22 83 72 71 9  58 96 23 31 13 76 42 68
2  55 26 33 39 4  49 86 5  64 47 60 86 34 86 89 54 80 16 37 8  50 70 28 13 78 61 17 33 59 48 48 18 78 55 4  13 69 73 43 17
99 58 47 76 74 76 78 0  37 47 29 15 94 1  97 56 63 60 49 16 56 40 36 77 15 49 96 62 68 88 72 54 8  42 29 40 72 72 10 97 16 29
77 57 24 12 17 10 87 56 74 15 22 84 41 54 99 72 10 98 11 77 25 72 19 96 25 23 1  69 35 55 98 69 38 87 79 73 82 96 58 91 29 45 7 
15 16 70 22 68 35 74 11 91 76 74 99 16 15 96 81 30 88 41 14 92 9  81 11 0  38 59 55 82 35 12 2  9  25 84 77 53 49 66 20 57 65 93 21
88 49 81 20 69 85 52 76 22 51 61 69 2  53 96 2  18 80 21 42 88 78 10 0  12 63 56 2  78 72 32 31 87 65 54 78 15 4  6  71 22 62 60 73 21
24 91 12 40 87 93 55 60 44 53 30 79 88 84 41 25 59 49 32 54 38 75 15 85 44 32 69 39 10 5  4  80 53 44 98 79 66 6  77 9  21 57 91 2  68 39
94 16 97 51 57 75 58 76 89 64 12 18 88 38 79 32 54 99 73 44 62 91 63 72 14 75 99 46 54 98 81 76 30 35 2  46 94 14 95 74 45 98 52 18 13 14 93
46 20 74 13 62 30 75 96 92 20 66 31 39 15 71 12 12 73 45 82 23 91 56 70 54 58 42 63 53 42 83 62 81 22 97 47 65 56 94 13 95 45 3  75 97 13 17 65
10 61 26 77 16 42 78 40 94 83 4  74 28 42 38 37 8  82 92 58 97 4  75 90 89 26 35 26 10 92 34 65 60 91 46 0  71 97 38 8  2  16 6  8  65 87 92 74 5 
86 65 34 94 5  52 66 66 91 53 91 96 75 2  46 92 87 45 69 80 48 53 36 75 74 65 35 24 81 95 80 68 88 23 24 6  43 90 29 53 38 24 0  94 19 74 34 63 57 50
32 51 7  48 77 35 23 11 96 72 18 33 53 9  20 89 51 21 81 6  53 30 87 0  71 79 65 48 28 87 72 1  39 54 14 8  44 96 99 71 32 50 96 43 66 32 39 59 62 96 95
30 97 60 85 45 67 68 3  27 89 10 54 53 30 6  6  20 68 94 89 18 98 79 55 52 67 64 47 90 23 97 72 71 33 24 4  93 37 41 14 91 15 17 59 1  76 61 68 11 11 59 94
44 25 59 31 7  96 11 21 26 74 76 43 85 68 61 37 5  44 58 48 77 42 57 18 90 59 55 41 12 90 54 43 27 23 79 58 73 30 33 35 19 35 98 63 5  15 2  30 43 2  6  4  8 
42 14 19 34 44 13 99 62 96 23 93 93 21 58 70 50 3  18 65 5  27 91 0  71 30 84 32 47 84 31 19 21 90 2  43 77 31 59 52 66 60 29 98 45 49 90 16 0  39 45 2  59 25 32
61 96 1  61 0  83 16 16 43 42 49 18 70 63 89 73 91 28 21 2  76 33 76 91 63 66 34 98 51 11 12 65 79 62 9  95 88 71 30 55 11 4  1  95 60 86 80 10 49 12 99 45 36 67 65
4  92 70 29 73 95 86 55 54 3  87 92 26 44 2  12 10 69 89 38 30 66 86 53 68 16 48 0  88 23 28 6  52 22 36 23 45 54 48 61 68 60 80 14 65 36 28 9  68 97 96 21 18 94 72 74
34 82 93 8  62 6  30 16 69 82 57 61 88 75 5  77 60 11 73 21 49 67 17 72 33 54 89 51 29 59 55 97 41 82 38 98 64 99 11 36 15 11 54 96 31 7  75 93 53 72 8  82 9  63 4  80 63
3  32 11 27 22 70 38 80 40 58 84 81 53 38 37 86 35 25 95 96 50 98 71 31 50 91 18 32 14 93 19 74 87 20 8  66 64 89 79 65 26 50 2  2  88 11 14 88 4  62 26 23 64 86 34 66 45 51
55 98 50 93 10 95 71 94 91 6  27 1  98 95 14 6  78 61 85 9  73 34 95 21 39 45 80 13 83 9  97 16 12 19 35 99 23 85 61 99 61 78 19 51 93 49 57 61 53 75 58 38 9  95 19 84 79 73 42
16 97 25 17 0  10 4  5  45 40 20 46 54 44 6  99 80 20 55 8  71 83 10 94 73 10 59 88 78 65 84 23 1  80 86 35 17 69 56 22 61 48 26 87 95 77 9  47 48 5  26 7  30 42 32 26 46 97 23 7 
47 94 22 58 16 4  93 61 39 86 13 27 79 24 24 39 50 13 24 30 28 44 95 70 57 61 98 2  62 36 5  18 10 24 67 93 56 15 56 43 17 53 85 88 35 35 2  37 49 7  0  5  72 91 84 20 38 58 21 97 14
42 54 77 60 56 31 21 29 6  69 12 82 53 66 5  33 76 47 51 39 40 86 62 68 55 31 23 90 73 34 55 95 71 91 23 4  33 31 14 82 54 95 59 86 14 52 13 63 12 54 68 7  57 43 27 29 65 91 88 13 86 14
28 70 62 23 63 89 22 19 55 50 76 73 69 93 70 25 91 30 91 74 98 81 67 50 36 97 21 46 2  25 56 44 71 66 48 50 63 43 2  39 47 14 13 81 61 51 79 56 87 96 81 65 25 76 97 75 41 70 55 34 30 79 71
87 87 32 41 48 89 92 40 86 24 32 77 60 74 5  72 98 32 24 64 58 81 38 32 67 11 7  99 62 78 46 82 18 23 97 77 83 94 71 7  65 46 93 18 45 11 62 99 83 24 75 51 83 89 56 67 36 92 60 0  61 3  39 43
65 54 62 50 41 44 90 34 86 63 71 53 48 9  77 18 43 70 66 25 13 50 29 29 59 78 68 70 35 23 2  47 67 65 27 39 88 89 9  55 88 21 98 65 87 89 59 0  45 55 90 91 25 56 50 77 76 82 71 99 61 48 82 14 73
63 48 23 57 52 22 6  85 46 63 10 22 9  73 53 43 10 14 43 7  72 57 87 15 64 66 71 18 32 28 74 27 26 37 4  33 22 61 56 71 41 41 19 11 38 45 55 48 39 36 86 6  46 43 79 80 16 87 57 74 28 87 9  91 32 54
34 28 27 36 46 23 97 68 16 34 1  73 44 21 75 90 8  76 72 51 88 76 30 47 74 3  8  32 39 79 91 0  8  21 66 42 66 88 73 58 58 24 97 20 56 82 59 71 57 78 68 71 48 66 51 38 1  89 32 43 33 87 55 19 53 76 58
15 67 76 51 37 30 27 94 94 80 27 48 54 69 65 22 97 19 22 93 10 60 13 56 48 63 98 32 47 24 96 1  75 20 70 93 75 75 52 79 60 89 53 58 29 18 57 10 15 78 30 22 14 22 81 93 0  48 56 46 63 48 99 45 30 72 21 34
91 20 41 59 48 60 92 40 24 21 6  46 45 99 22 24 63 44 0  27 14 14 5  99 41 49 69 7  65 55 20 49 17 35 8  66 26 8  82 11 48 45 44 28 83 35 98 67 2  36 50 95 45 75 38 8  32 15 95 47 64 71 90 39 97 69 53 71 24
93 10 1  59 76 37 25 23 45 26 71 29 82 61 22 25 0  96 44 46 15 48 33 56 92 29 85 95 93 7  38 12 0  14 67 5  25 68 91 91 23 67 45 88 81 36 14 70 0  58 65 14 55 78 43 63 77 21 23 75 85 96 5  15 71 11 18 56 90 45
44 13 41 87 47 55 78 58 70 80 18 96 38 15 78 85 36 81 73 57 27 67 96 98 95 8  34 74 94 0  20 21 78 15 77 9  7  97 13 65 31 68 49 64 24 72 2  79 10 41 73 30 97 88 27 98 65 41 94 62 51 81 57 82 36 61 96 32 0  94 8 
96 39 2  6  54 1  90 10 25 81 62 25 54 26 1  19 21 93 45 69 71 76 30 40 0  86 25 91 32 65 89 93 51 17 71 9  29 14 76 76 13 14 88 59 57 6  89 88 37 53 34 24 16 18 96 76 92 81 25 58 96 72 42 4  46 86 56 85 13 30 28 41
