65
29
47 43
45 84 39
3  72 4  43
27 75 60 80 52
48 36 97 45 94 22
83 22 69 8  94 29 68
14 10 19 58 93 33 19 7 
55 4  8  41 88 93 47 11 84
51 93 80 21 92 24 69 2  9  13
7  55 51 39 68 10 72 79 78 25 17
9  59 5  6  11 77 90 87 2  88 4  72
60 79 25 47 9  86 1  6  99 84 37 9  98
13 59 76 41 59 53 91 55 60 9  17 20 2  10
45 27 73 46 43 97 35 52 78 57 21 1  77 17 6 
23 43 11 40 3  41 15 75 56 87 30 60 75 4  89 11
5  14 3  66 11 74 30 29 48 48 82 2  0  65 98 56 53
24 6  4  37 20 77 91 88 79 58 64 29 78 79 30 70 42 79
82 85 79 9  71 11 74 95 82 46 28 4  79 27 20 40 11 63 80
67 47 13 4  32 55 44 22 98 42 65 66 11 50 53 58 10 59 42 77
93 40 31 48 65 93 39 58 50 8  65 29 5  97 90 7  80 29 49 3  37
33 45 88 53 27 36 29 5  71 89 75 86 86 63 46 96 15 63 83 20 62 29
60 56 39 47 28 46 22 10 98 26 50 98 50 92 33 42 42 0  49 47 19 49 74
64 88 29 60 48 97 58 10 83 10 77 53 26 4  61 65 47 55 10 56 28 69 23 15
79 80 24 26 56 71 29 30 5  9  33 46 62 70 47 32 49 6  79 31 46 52 27 19 82
92 7  83 60 49 78 63 89 21 45 62 16 1  28 15 74 62 19 83 64 86 7  29 63 73 20
80 32 40 46 16 56 48 48 38 93 58 32 55 7  98 3  12 9  71 85 69 53 43 81 67 44 49
83 54 12 4  50 59 15 98 68 63 51 89 64 18 75 58 78 56 26 49 86 50 24 65 65 19 57 68
15 77 40 64 80 93 83 9  54 51 80 14 87 36 37 2  19 67 71 10 39 64 62 76 24 83 25 91 24
83 42 92 58 12 83 51 49 61 25 72 44 58 30 68 52 42 11 86 7  94 61 67 45 33 91 38 33 34 84
84 83 62 72 18 56 69 40 48 33 43 75 3  9  79 82 59 88 43 30 16 17 65 95 94 39 50 81 0  20 30
14 95 79 37 77 48 78 17 74 46 26 94 6  87 59 29 79 87 15 28 99 12 55 95 87 35 86 13 96 76 34 66
86 94 60 53 78 93 41 43 77 99 50 40 40 62 55 41 7  45 47 41 75 51 66 97 22 96 65 60 19 82 56 92 6 
93 99 37 58 36 3  56 80 26 38 38 77 88 10 25 83 63 55 83 75 33 37 32 47 42 73 77 77 86 31 92 42 93 48
15 99 87 26 32 83 85 20 99 95 77 84 92 16 3  42 10 4  62 33 28 0  79 62 14 47 56 35 57 35 44 57 59 4  82
60 45 27 32 92 9  39 5  19 24 57 14 15 53 5  88 64 52 94 16 83 95 94 9  99 65 31 60 35 65 9  85 53 71 14 82
97 84 22 50 90 19 93 4  81 14 10 33 26 22 94 65 94 24 20 3  61 35 36 42 7  43 46 91 26 22 75 54 56 73 9  63 4 
12 7  30 59 32 9  61 69 84 8  84 95 37 68 19 48 13 42 77 39 32 49 40 49 54 72 25 38 78 77 39 29 80 67 48 26 99 69
64 28 70 80 34 70 8  64 33 43 27 7  70 53 68 15 75 75 42 49 77 59 27 43 58 49 83 51 60 39 65 10 92 98 44 90 18 12 25
40 39 18 28 19 64 66 39 0  84 17 13 58 95 41 15 1  31 99 31 35 34 33 69 10 91 69 56 19 82 37 36 58 18 15 68 24 80 83 80
69 63 98 31 79 59 69 94 37 37 14 88 9  41 44 47 60 12 99 29 35 86 98 30 7  88 64 23 11 28 71 50 17 24 57 10 32 1  31 29 8 
24 87 0  13 56 52 17 73 49 47 63 38 97 60 62 54 62 63 75 76 4  8  9  84 55 14 76 19 24 83 95 60 13 74 65 32 48 43 6  10 94 8 
9  36 46 77 9  27 48 79 42 62 8  50 43 99 75 31 77 26 97 49 49 27 62 82 7  65 70 13 98 95 49 19 68 44 10 44 35 5  80 52 98 68 73
39 32 68 39 10 85 41 80 41 30 51 3  92 67 4  57 23 64 93 91 38 33 49 22 94 40 52 67 74 35 22 23 3  87 77 79 33 88 90 3  61 22 78 70
6  44 82 62 97 10 15 79 48 22 67 30 90 90 99 48 28 35 94 26 64 22 45 7  8  20 73 85 63 38 10 83 38 29 54 33 27 24 7  64 89 8  10 65 45
32 73 69 77 73 36 18 23 53 53 12 11 32 42 82 71 18 88 72 98 77 46 73 21 21 54 67 76 29 42 21 20 39 12 19 4  4  83 77 47 14 55 68 25 32 41
15 56 25 80 93 9  67 57 58 40 60 77 32 9  19 35 30 53 35 72 73 97 16 38 43 86 46 84 91 18 83 88 14 83 20 42 28 78 97 6  70 30 95 42 68 64 85
8  55 70 56 47 96 45 36 62 5  52 39 26 78 94 51 64 21 41 39 85 56 93 31 93 95 68 96 82 44 34 65 91 21 93 76 38 52 55 47 58 27 15 61 99 1  65 64
92 94 27 67 81 48 57 54 31 39 3  26 73 23 8  18 37 22 80 73 12 79 9  35 5  42 65 28 13 75 3  12 47 65 71 69 39 39 54 0  48 82 58 10 9  12 53 82 0 
91 65 94 99 88 64 17 62 16 30 39 85 84 97 41 69 97 59 75 52 0  61 98 16 25 69 20 68 22 19 4  31 81 73 98 61 43 73 84 74 16 32 63 9  86 21 15 1  70 31
78 35 71 46 56 15 83 23 71 54 6  86 85 81 60 36 55 30 26 29 83 78 18 17 27 80 75 62 95 28 64 33 89 73 37 24 89 35 21 39 82 7  32 68 47 13 16 70 94 31 76
51 12 46 2  58 66 11 2  52 72 99 47 27 59 81 84 33 85 18 21 57 34 27 50 3  1  69 27 80 59 25 54 43 66 23 49 29 46 21 71 48 89 0  2  77 61 68 6  71 56 35 75
60 24 20 62 29 48 76 30 91 24 48 58 1  60 7  71 41 40 64 2  90 54 36 62 17 2  80 91 7  58 67 62 0  41 55 19 48 81 38 60 69 76 16 56 67 81 96 56 90 98 69 86 46
14 87 65 3  41 66 47 61 45 59 69 0  34 25 59 65 5  76 90 7  6  18 26 16 68 5  48 87 92 69 11 98 8  80 55 18 9  68 47 12 89 21 9  28 96 85 55 80 91 55 42 47 14 51
93 64 41 15 22 48 22 26 48 55 27 40 30 65 33 33 73 76 22 20 28 51 56 33 90 7  38 56 77 17 47 98 49 38 46 77 35 29 66 94 50 33 81 9  85 67 65 10 44 98 19 94 60 5  26
62 68 87 93 45 50 17 79 15 64 74 80 68 44 91 27 11 63 94 11 7  53 91 28 61 83 41 30 80 62 8  18 54 81 39 48 68 90 41 26 1  1  52 13 58 89 80 75 11 82 87 60 64 28 44 57
60 26 48 16 32 43 69 97 20 10 73 60 31 46 96 67 94 32 18 93 14 59 35 49 9  81 16 72 93 95 83 15 39 63 28 50 84 58 36 63 27 59 45 7  52 13 64 24 8  61 86 76 44 46 88 60 39
1  88 3  77 35 91 99 65 42 67 6  82 74 23 29 82 48 44 0  60 7  65 31 16 89 54 26 20 24 10 46 16 78 8  53 43 84 87 83 3  76 83 96 67 0  53 94 24 10 85 6  83 54 92 27 1  31 55
49 36 50 33 89 83 39 37 42 37 50 20 63 20 32 2  35 14 29 77 25 8  65 99 74 53 90 88 23 38 69 57 65 84 63 4  14 69 82 3  64 46 22 48 50 23 61 41 45 58 10 98 12 71 60 4  60 56 23
14 55 28 88 77 18 90 91 60 18 7  50 45 58 12 32 64 41 73 49 95 23 38 55 58 11 5  30 45 1  55 45 50 10 99 13 61 11 62 51 20 7  66 61 34 52 8  56 59 44 96 23 27 3  33 17 50 26 65 89
24 31 86 23 58 8  73 93 76 71 8  4  23 95 27 98 60 66 54 76 41 9  7  74 49 0  50 99 90 14 13 23 75 38 28 73 4  6  35 59 40 80 65 32 84 66 29 25 55 91 10 47 81 26 0  21 38 8  62 3  21
91 59 60 26 84 1  98 25 28 67 57 69 32 34 67 99 16 20 30 75 95 56 94 70 69 52 48 51 41 18 11 4  61 54 62 22 1  75 21 63 65 4  16 25 66 6  68 23 13 46 3  3  27 18 86 20 60 63 11 24 68 56
79 19 89 88 14 11 37 69 62 70 3  77 19 79 53 21 62 46 9  69 31 90 75 18 23 90 22 9  2  10 58 84 88 3  68 15 26 35 67 52 10 52 65 99 76 92 83 82 70 70 88 41 28 85 43 37 69 3  77 9  81 73 57
67 31 3  93 58 63 53 94 6  95 58 49 8  38 56 96 10 54 89 11 87 48 99 87 23 53 26 19 75 59 6  99 70 59 93 25 8  78 0  85 28 44 89 65 89 93 23 14 10 16 72 14 27 42 67 60 86 74 3  43 28 64 57 93
91 0  54 98 81 67 88 86 70 65 62 75 1  13 22 95 33 73 13 80 56 12 66 61 57 40 41 0  6  65 96 18 24 43 32 79 96 53 5  93 11 52 48 40 74 98 81 60 2  52 4  63 52 73 11 3  45 9  2  26 18 68 54 66 41
