71
36
73 54
56 29 48
84 46 73 46
95 89 53 69 58
7  44 72 88 10 28
50 22 72 36 58 22 83
41 7  55 61 91 74 33 91
84 5  32 38 2  24 87 49 16
64 56 35 23 7  9  0  72 7  82
97 40 60 70 89 86 54 91 45 6  82
44 21 56 61 95 17 12 96 73 36 61 62
75 17 48 66 77 38 2  5  68 67 98 23 35
29 0  17 92 50 92 68 83 90 25 39 26 87 95
99 45 87 48 22 84 65 84 70 92 95 98 61 4  57
63 79 40 64 0  47 57 26 37 1  8  63 68 27 63 84
54 55 61 97 82 8  50 15 81 35 95 71 55 34 15 89 43
40 97 86 66 16 2  58 40 49 88 21 74 49 70 61 12 50 97
95 96 66 45 97 61 83 64 73 77 88 64 50 75 50 5  15 67 70
88 68 90 95 53 31 50 68 12 98 42 34 32 50 28 78 64 34 26 19
31 37 35 42 78 73 16 91 46 31 15 83 9  19 47 23 35 58 54 14 97
65 31 91 4  62 43 65 47 19 13 7  99 44 74 41 34 87 40 49 69 64 82
2  38 13 42 34 18 82 79 92 0  20 50 30 64 34 57 9  94 46 38 70 78 96
68 18 53 81 11 92 2  90 82 20 9  54 39 45 84 25 35 32 96 19 43 40 88 3 
98 72 31 53 37 29 90 99 79 21 82 4  35 69 49 65 88 13 12 28 88 86 49 43 88
75 15 50 88 71 99 23 85 38 76 45 81 4  79 55 77 30 36 74 93 44 9  13 27 70 30
70 10 51 92 57 2  37 85 32 48 45 79 86 49 93 69 64 33 41 64 14 87 46 95 20 95 37
35 44 50 70 86 66 9  15 42 48 64 44 47 85 31 12 79 45 64 7  10 20 95 78 68 69 67 80
64 85 59 47 95 15 2  39 66 91 10 90 4  92 85 82 28 38 92 42 27 48 64 50 61 10 30 22 3 
81 24 66 77 47 62 87 20 24 96 24 25 34 10 97 10 26 5  21 11 26 51 99 80 32 44 71 99 52 19
31 76 48 79 46 46 77 9  10 35 91 0  36 3  30 11 7  32 68 66 36 70 53 85 83 91 94 19 89 35 19
16 7  58 59 23 30 67 38 41 58 25 68 83 98 42 90 14 28 36 44 14 61 4  90 83 44 72 54 51 8  5  14
23 11 98 32 69 89 42 72 46 51 84 34 52 58 42 84 20 98 20 49 44 14 48 20 67 20 64 77 9  39 4  64 33
61 93 30 14 23 84 59 31 98 5  75 15 79 1  83 3  29 91 61 56 87 81 78 58 23 24 25 52 26 98 69 57 69 31
10 86 13 39 91 41 67 14 96 48 44 5  24 20 54 21 64 26 14 54 71 77 48 26 0  83 0  63 59 71 17 85 71 25 51
53 40 74 25 8  13 0  10 42 5  89 66 41 90 71 46 41 77 97 70 93 75 98 50 81 84 56 79 49 54 0  42 86 77 18 85
4  59 48 21 48 89 89 15 0  38 30 65 56 54 98 18 67 52 18 3  74 85 98 83 94 69 4  98 31 65 48 16 24 58 86 3  53
27 21 29 53 95 85 32 84 12 32 19 0  80 31 79 37 26 22 84 36 29 16 0  1  2  94 37 63 14 4  30 46 56 44 69 8  72 75
39 7  84 61 94 70 58 87 23 45 96 15 53 31 72 50 72 86 76 54 13 16 37 62 40 14 85 38 42 56 32 91 64 51 18 48 56 90 29
93 53 78 89 62 11 7  65 58 85 67 98 33 8  50 45 26 86 53 5  5  23 31 59 12 70 51 64 40 49 98 8  21 62 53 28 69 52 0  85
62 96 2  76 93 7  1  46 92 27 99 20 24 29 38 98 65 5  92 72 16 23 30 75 67 2  41 24 70 29 45 68 13 32 74 72 49 96 28 84 8 
27 47 47 39 34 67 45 9  31 62 88 30 60 82 18 9  54 44 8  72 66 91 9  51 70 2  79 48 9  0  69 14 79 18 45 55 16 94 1  42 8  82
76 0  24 3  43 5  36 67 13 21 44 54 46 70 43 27 47 90 66 0  59 19 79 16 46 54 28 89 27 75 45 50 0  83 1  12 76 98 53 22 73 99 66
69 95 91 42 54 51 33 9  57 20 90 28 68 62 87 70 45 51 31 65 90 63 62 22 79 98 96 27 34 90 21 47 95 43 2  34 64 8  64 39 96 78 77 21
35 75 13 36 52 74 21 70 27 71 30 61 79 23 61 27 52 22 87 82 3  57 29 14 31 25 82 16 92 69 48 35 66 89 57 51 76 93 71 61 77 78 65 58 18
67 11 67 22 68 44 58 16 84 29 92 98 79 65 38 80 0  54 62 38 77 94 46 30 62 73 33 41 54 95 32 3  91 67 6  52 96 48 47 22 1  31 21 75 71 75
7  33 29 76 95 16 18 11 28 10 86 92 23 52 1  83 74 26 72 21 78 70 62 18 80 25 30 75 19 72 25 19 15 29 39 75 3  31 61 68 47 94 30 11 3  11 45
67 7  51 12 90 46 82 34 2  85 78 74 14 11 22 55 2  99 80 4  96 76 91 80 14 51 75 93 88 84 26 77 62 97 2  36 43 9  66 59 38 59 95 3  89 89 45 17
69 80 62 33 77 65 85 88 29 27 32 74 33 23 37 55 65 84 18 75 86 1  59 87 23 19 58 26 22 93 57 82 95 46 9  99 71 42 41 96 19 6  90 0  13 16 54 85 50
57 62 41 16 7  70 85 34 19 13 81 26 10 93 35 51 3  35 30 64 54 62 45 71 57 11 53 27 36 45 25 51 78 9  69 47 40 82 92 52 94 57 73 60 85 59 68 85 21 12
96 92 53 14 2  88 8  7  74 58 39 31 4  4  15 3  4  52 7  29 66 67 17 65 84 64 3  82 62 0  51 38 42 93 86 7  14 43 16 6  13 78 88 80 88 78 55 71 46 35 18
82 47 65 69 63 79 88 60 44 58 27 34 6  53 14 29 80 38 38 49 86 90 94 58 22 33 70 37 31 40 98 88 5  33 85 33 19 81 47 3  60 6  60 23 65 41 77 43 90 56 34 64
29 75 9  45 51 54 63 1  41 75 65 57 43 19 29 16 17 29 86 87 3  25 9  29 18 95 12 61 30 3  53 54 28 54 65 49 18 74 0  94 86 2  76 33 54 96 47 15 41 61 72 60 43
44 58 77 43 57 88 48 23 4  19 61 34 60 46 2  94 86 51 58 2  61 48 96 25 8  29 32 29 53 20 26 94 70 44 99 24 88 78 7  73 49 78 81 11 79 33 12 3  13 87 10 56 39 72
36 46 46 45 33 83 82 57 43 79 34 4  32 33 24 37 46 92 5  27 19 67 34 15 77 69 44 89 70 12 35 2  91 97 76 97 42 19 38 19 27 1  97 29 72 37 91 52 22 9  29 51 2  72 67
69 2  57 48 33 80 44 29 94 56 70 70 22 63 47 90 46 2  22 27 71 73 39 19 86 80 20 87 65 79 97 8  3  82 72 19 27 8  75 14 80 68 36 15 86 63 93 92 18 5  25 78 27 2  90 27
97 38 15 28 54 53 92 93 53 27 26 32 72 48 35 9  52 22 82 49 23 49 71 91 28 35 71 48 67 91 71 86 95 53 14 62 23 31 90 63 96 20 24 78 61 24 6  87 37 1  74 43 34 21 3  58 22
39 52 22 15 73 26 18 31 29 94 28 2  94 15 84 29 90 81 48 60 16 36 58 44 86 7  90 6  26 66 42 61 69 29 24 30 1  80 62 96 77 80 87 81 86 27 5  82 95 41 52 66 58 36 96 76 93 28
98 99 94 80 20 15 27 40 88 65 28 59 1  64 87 98 8  30 16 53 68 1  93 31 46 58 4  31 67 47 16 50 40 46 20 36 45 85 98 48 76 96 18 75 0  5  28 41 13 20 58 90 65 52 7  2  9  98 18
72 88 95 36 16 1  41 91 56 92 0  83 4  6  50 9  96 48 89 8  73 24 52 20 88 90 77 14 8  3  89 31 72 20 31 34 67 5  30 91 78 3  59 74 29 85 3  42 14 5  90 50 31 64 56 91 89 66 14 39
59 61 54 25 95 66 62 96 53 48 16 2  40 30 66 63 8  62 97 74 52 1  78 37 11 4  10 50 4  58 88 55 61 16 2  29 39 36 61 34 57 98 37 29 87 92 38 4  74 23 8  41 98 4  50 81 53 13 30 65 23
62 35 1  0  65 9  75 6  67 44 64 51 87 19 44 15 16 56 36 94 94 83 84 1  1  38 79 13 58 22 34 23 56 34 90 77 48 48 62 80 90 66 19 23 99 81 5  72 70 49 83 38 79 84 52 64 93 8  21 64 82 43
15 17 21 67 10 68 71 26 86 90 51 28 83 23 37 4  93 67 19 90 28 96 34 12 69 34 47 77 47 7  3  0  41 4  54 96 74 29 84 27 57 22 56 64 49 89 73 64 8  3  1  15 32 44 19 94 92 11 35 37 43 97 94
76 63 62 40 78 70 21 74 10 14 22 2  65 43 6  91 92 12 72 95 75 80 15 67 61 6  19 43 34 47 21 63 76 60 73 82 94 2  48 52 53 62 4  19 58 69 10 81 29 45 13 2  9  20 0  73 59 98 0  51 52 84 81 76
3  28 48 30 34 27 95 76 16 35 4  62 24 67 86 64 90 62 71 80 34 46 99 53 60 75 82 78 14 48 23 95 92 12 5  12 74 42 75 12 93 22 80 15 12 20 2  47 11 33 64 23 43 4  50 94 79 55 79 53 32 88 73 15 37
34 56 42 53 82 98 68 85 68 82 89 95 7  62 15 8  40 4  24 38 41 31 57 94 70 85 68 16 30 39 62 27 73 94 38 28 99 1  17 26 41 44 67 96 43 70 98 25 85 42 97 85 31 17 50 57 93 67 65 59 95 94 10 66 7  13
90 52 25 31 54 10 8  32 96 96 91 4  75 58 90 26 71 63 44 86 42 24 66 89 75 30 90 68 31 41 5  42 10 34 60 67 28 8  28 64 80 80 56 82 93 79 83 46 14 99 4  7  97 9  54 81 50 42 64 25 14 64 94 87 87 52 24
60 91 99 89 18 18 91 14 6  42 74 88 62 87 13 49 24 22 12 92 46 50 84 60 42 91 87 68 48 84 43 33 39 0  20 60 33 97 9  55 17 33 86 71 33 87 7  92 67 34 20 92 29 7  7  17 73 5  95 47 35 30 14 79 55 2  86 18
82 16 68 59 38 38 97 14 92 82 70 19 7  73 45 94 81 30 61 53 70 34 31 3  14 83 53 6  7  29 25 81 16 1  15 3  53 98 34 72 53 14 25 12 65 77 95 38 81 38 13 10 36 58 70 78 88 24 75 60 48 54 83 28 66 85 68 48 49
95 93 25 12 62 69 53 3  32 44 76 16 1  69 79 13 95 28 72 57 87 60 75 29 53 16 0  33 39 48 89 88 17 70 28 72 43 76 96 80 34 91 53 14 18 28 77 45 13 33 60 60 85 28 50 16 26 86 71 33 94 68 72 35 44 27 67 86 79 61
99 1  10 21 31 60 35 47 82 61 3  93 82 29 78 54 71 26 26 41 25 77 80 61 10 37 23 88 32 57 19 88 13 54 47 28 40 25 42 39 49 98 93 41 72 97 44 93 83 60 16 6  17 7  65 46 92 99 25 51 37 33 39 71 77 64 86 24 75 57 14
