56
72
52 16
93 83 15
10 83 27 56
18 61 19 82 4 
18 16 13 49 54 18
28 95 98 7  90 67 59
88 20 32 50 35 28 4  46
47 54 93 91 87 69 22 64 93
98 46 61 11 36 78 90 44 88 44
53 96 0  71 73 40 90 78 89 90 24
20 29 17 52 15 0  61 59 54 31 64 99
99 37 11 89 26 18 81 5  17 25 2  78 60
73 80 6  52 17 25 26 8  13 21 74 36 98 45
56 80 63 84 5  9  92 1  5  60 71 9  98 70 19
34 78 98 10 28 21 41 40 71 18 30 3  63 51 1  65
93 58 49 78 94 73 63 53 57 57 10 38 44 71 20 63 14
29 87 59 83 50 66 16 35 18 84 23 22 47 54 9  16 9  79
92 87 3  12 22 26 20 88 60 10 68 59 47 29 13 89 10 78 55
62 59 44 54 32 0  42 0  93 15 78 5  25 88 47 14 21 78 21 97
54 74 35 50 63 72 42 77 92 71 21 10 15 9  18 29 17 46 55 57 54
28 91 81 1  21 33 48 42 86 54 43 73 52 72 26 46 11 49 87 44 70 33
54 52 57 44 89 58 77 49 57 85 66 77 55 95 11 13 28 79 81 31 19 69 6 
66 22 14 87 42 62 9  40 24 9  88 59 94 73 44 11 7  77 18 25 56 64 94 74
17 36 35 71 14 89 59 68 7  3  65 39 48 95 28 24 21 49 89 49 22 66 75 44 80
56 46 51 36 7  23 11 49 16 51 7  29 3  93 91 10 79 64 87 14 19 10 9  45 74 30
2  15 89 83 33 72 77 11 76 79 4  28 62 38 43 20 47 49 56 9  7  89 14 14 0  1  39
86 89 99 77 63 22 81 51 46 80 98 37 31 20 82 26 24 9  18 46 92 45 21 19 32 42 19 37
64 45 10 6  77 14 72 24 76 86 97 90 42 0  75 32 65 57 43 22 43 74 9  89 34 83 88 36 91
16 46 64 14 67 92 56 21 31 28 62 66 60 85 28 82 26 11 17 28 43 59 47 47 60 0  84 93 60 53
64 47 58 17 45 67 65 92 21 37 26 84 53 5  73 27 49 74 72 73 80 52 85 65 89 52 90 87 15 64 42
55 5  25 33 5  44 53 97 95 62 5  3  62 42 91 67 20 45 45 82 85 85 44 66 69 37 57 43 16 92 52 75
84 16 67 50 28 79 48 99 92 30 23 96 85 94 56 58 21 12 93 89 40 7  15 87 36 10 30 82 75 32 40 85 30
56 44 61 25 71 32 42 47 26 62 60 47 12 58 78 52 39 30 39 37 57 13 87 44 76 3  1  77 61 28 87 54 11 34
71 61 30 14 7  56 82 3  27 82 40 86 66 3  31 83 43 36 40 25 9  55 51 10 74 77 25 22 31 99 89 64 0  69 35
65 44 19 93 27 96 6  15 20 43 83 95 39 46 92 25 34 62 37 84 20 21 52 51 1  58 67 69 45 34 0  88 15 28 16 5 
11 25 7  69 65 88 81 40 63 47 45 48 75 4  21 21 88 38 56 5  34 57 73 83 38 50 39 91 79 92 54 36 52 78 14 52 8 
19 35 95 67 26 10 22 87 29 84 1  2  14 46 56 12 35 63 35 72 58 25 56 82 8  20 30 90 3  39 91 70 57 54 92 2  23 81
90 27 86 99 89 64 76 61 38 12 80 75 37 23 95 10 73 10 37 69 56 71 2  94 50 18 70 38 25 65 72 59 95 90 55 68 69 62 40
58 75 31 78 32 65 85 53 10 42 24 10 62 94 85 33 28 62 18 55 62 71 94 42 93 92 10 48 35 60 16 63 6  62 85 82 44 66 58 91
41 84 28 44 45 19 54 18 93 18 58 81 25 9  49 27 92 31 38 64 23 78 84 34 78 47 31 58 44 3  69 76 8  68 89 6  29 3  49 88 65
65 47 11 24 36 47 60 54 11 16 30 57 48 41 79 51 70 38 92 85 95 37 33 98 42 89 81 65 21 82 70 38 81 15 16 72 54 44 59 90 34 42
77 60 60 86 6  2  22 83 35 32 96 7  64 46 34 46 99 20 58 73 88 95 39 1  33 22 25 39 35 7  26 24 0  78 52 43 72 48 92 0  37 13 61
56 79 40 33 49 97 45 52 56 19 56 30 28 64 38 60 22 92 70 94 90 57 74 28 98 46 71 46 96 98 88 1  61 87 95 58 93 79 44 18 53 13 87 70
35 17 88 89 77 96 59 44 72 23 38 16 62 27 7  83 94 56 72 8  20 66 95 16 42 54 59 27 44 95 36 99 78 10 12 2  97 76 5  9  45 97 26 8  8 
7  43 15 27 29 36 6  40 44 92 6  66 70 92 41 8  84 5  2  37 29 81 91 41 58 36 88 2  3  33 10 85 77 50 1  90 73 90 85 38 89 76 97 91 10 77
30 13 70 58 87 30 62 90 13 0  22 56 89 88 95 9  34 39 72 24 51 63 2  32 75 84 6  89 74 38 55 66 1  9  92 25 76 98 19 43 83 64 95 61 93 27 56
53 60 68 5  72 40 15 73 87 60 27 40 96 91 82 13 69 11 23 37 76 80 56 26 7  58 6  88 73 9  84 73 25 24 59 1  93 41 14 76 8  22 96 35 14 70 6  72
86 49 65 21 59 6  28 73 77 86 60 74 57 34 4  91 8  23 76 64 5  41 16 39 9  87 36 82 98 59 6  8  14 74 36 8  18 15 62 28 2  43 40 20 56 30 1  80 67
54 44 4  43 80 71 70 89 20 0  81 77 30 84 90 88 29 65 6  1  65 62 60 10 57 31 58 0  2  13 46 95 93 22 43 2  32 7  25 49 57 56 49 54 97 9  79 85 36 3 
18 25 43 36 20 13 79 39 51 35 33 48 24 47 33 34 81 43 25 65 59 65 84 38 55 88 16 32 97 75 62 91 95 16 31 86 94 10 92 35 19 36 52 72 30 44 64 86 5  5  6 
82 82 25 26 30 20 72 32 10 80 49 2  60 51 22 53 23 5  74 98 9  86 25 9  95 73 1  18 18 95 56 56 41 87 8  94 10 76 54 60 82 71 71 84 73 31 64 87 25 41 6  71
4  21 91 30 34 60 91 11 73 62 9  17 71 13 70 33 71 4  22 93 43 30 62 96 82 22 57 29 51 46 68 92 20 4  36 26 95 41 15 68 55 22 50 85 14 78 4  66 7  45 91 80 96
96 68 84 65 52 51 94 52 64 3  9  65 79 43 10 67 47 65 46 19 59 9  9  56 22 97 81 56 80 81 23 31 65 58 63 90 72 1  90 48 78 39 43 40 41 46 61 2  18 3  13 72 75 12
35 82 92 23 92 65 80 19 39 44 19 76 1  85 61 92 3  20 83 12 51 53 55 74 77 95 97 6  67 45 39 86 59 6  16 74 84 14 12 79 67 81 20 87 78 48 81 95 98 35 62 90 35 47 27
41 57 22 28 58 87 68 92 13 3  51 57 73 73 69 23 92 66 30 56 30 94 66 18 10 78 12 74 25 80 48 38 50 79 1  97 53 0  4  63 44 56 42 4  93 47 18 7  60 89 74 79 42 16 22 88
