100
39
84 98
81 36 82
52 21 35 40
52 89 91 46 71
95 19 4  60 88 56
92 64 32 67 8  83 37
69 76 1  35 98 56 81 54
75 93 8  99 85 80 56 94 72
77 34 17 23 51 33 36 71 2  97
76 62 56 70 99 30 52 5  16 14 57
54 26 29 38 0  65 96 38 17 18 56 33
1  70 88 41 28 62 73 48 37 23 75 79 47
16 92 71 56 72 40 58 65 93 62 66 64 87 21
13 60 86 38 21 25 55 88 54 9  4  7  13 87 47
53 85 27 46 48 28 84 16 17 43 85 64 51 35 57 29
51 74 60 96 98 40 20 65 63 9  11 88 1  71 71 45 41
11 65 2  52 38 37 91 83 78 26 95 80 3  19 73 4  98 76
80 73 68 25 57 47 12 69 8  40 28 47 22 56 63 5  44 80 88
46 39 52 57 98 98 6  81 2  63 18 46 40 96 58 81 53 6  60 83
29 48 95 55 77 58 11 45 72 30 1  61 88 81 54 76 45 68 18 73 25
22 16 44 36 99 63 21 73 28 67 13 63 12 57 92 55 67 2  86 84 68 94
89 63 29 90 51 36 72 57 66 26 94 62 39 35 95 19 70 29 54 16 49 14 49
51 56 70 41 47 70 6  29 60 40 60 19 86 77 8  75 13 56 87 5  41 62 6  32
19 37 70 24 42 44 94 1  2  10 10 68 63 34 46 76 98 62 75 47 26 21 14 92 59
22 72 1  70 24 8  48 47 82 94 8  20 58 29 40 91 35 8  14 11 84 22 44 70 26 48
38 52 15 87 99 3  14 67 41 29 71 43 82 48 99 96 23 72 26 64 22 22 84 96 4  65 35
84 45 93 47 22 92 48 38 97 43 9  88 17 55 88 39 58 78 29 80 80 18 86 62 63 51 27 71
6  52 50 19 15 50 96 43 32 17 80 54 75 76 74 96 69 15 17 87 2  96 53 51 88 85 96 89 66
67 52 19 39 85 77 66 49 11 56 37 35 6  66 27 47 28 46 44 82 58 80 20 19 56 82 76 58 84 3 
68 97 29 32 90 53 96 72 61 32 35 69 58 48 37 24 32 93 54 55 17 72 97 56 75 5  92 76 65 5  19
99 41 73 93 12 89 40 79 77 30 27 34 44 42 45 24 39 75 3  47 10 41 76 61 91 71 8  60 14 12 74 43
32 58 59 63 82 84 77 55 12 6  98 42 20 35 56 97 75 22 29 49 30 54 58 56 4  12 96 53 89 17 70 93 14
68 27 14 87 4  8  61 61 6  34 34 55 84 68 87 18 46 60 24 69 3  63 80 53 32 94 36 91 56 56 4  78 14 71
40 97 72 83 62 0  37 73 29 99 95 88 65 66 21 68 6  33 88 51 67 79 97 13 0  59 60 35 10 75 43 32 88 76 71
7  58 59 76 5  66 41 26 8  24 20 38 67 7  28 76 67 14 77 54 2  92 78 85 22 67 90 55 64 48 31 37 96 25 14 92
93 49 2  57 86 54 79 83 5  40 57 98 12 83 30 91 61 26 68 20 85 38 76 64 54 53 3  90 11 56 59 85 37 41 25 50 21
89 73 31 64 41 50 11 79 5  98 37 97 54 69 51 66 83 7  84 67 29 33 4  9  16 46 71 61 91 54 98 64 2  89 66 86 37 49
11 77 37 20 51 14 28 20 39 22 6  9  56 75 77 42 83 40 11 42 28 57 14 76 88 53 29 43 45 52 58 8  84 56 39 85 2  35 36
21 82 12 69 49 82 69 3  1  65 40 10 0  98 56 40 62 50 92 92 86 33 25 96 31 2  31 44 27 50 18 12 20 12 23 69 72 78 27 60
29 40 69 21 89 53 85 74 73 77 38 54 77 27 18 19 64 68 6  92 95 50 2  13 40 60 96 34 50 53 66 10 70 17 76 85 37 51 16 7  86
89 12 75 29 59 64 36 24 8  5  65 40 0  55 26 19 73 96 56 16 82 32 80 13 81 24 92 97 30 63 26 13 43 18 85 98 4  69 95 42 21 53
70 68 71 40 80 55 89 2  8  40 28 18 19 77 3  29 32 65 0  86 35 70 6  17 93 90 79 87 26 23 43 4  31 25 20 34 83 38 57 96 0  52 10
36 74 28 81 78 11 43 44 81 5  33 38 68 7  76 23 89 38 86 56 19 66 57 40 15 7  95 4  46 14 7  50 18 48 84 57 18 68 66 73 1  89 5  30
29 55 14 64 96 21 9  48 96 38 69 36 23 26 72 95 65 44 19 74 79 78 1  16 26 92 78 34 8  30 95 94 25 70 54 1  3  7  74 30 74 25 69 7  36
48 73 80 22 19 70 47 64 87 34 48 48 93 42 73 47 37 7  7  76 74 8  53 9  58 4  24 1  77 11 98 84 14 16 15 35 90 92 48 77 48 68 74 26 73 36
84 89 36 1  57 29 27 34 54 43 86 26 84 26 19 47 11 71 45 63 79 46 76 87 6  8  87 83 27 42 39 16 51 43 71 96 68 84 19 67 75 88 15 20 13 18 12
77 6  97 94 33 21 67 92 16 30 26 32 55 20 25 88 73 32 99 39 34 4  52 50 73 10 75 62 90 87 82 9  23 52 39 54 95 77 20 54 73 77 82 80 18 28 10 77
84 72 50 55 90 7  37 11 41 11 91 57 23 25 96 70 46 86 50 59 24 82 67 92 20 62 64 0  89 38 64 19 89 47 89 41 6  51 11 4  85 83 12 96 92 69 66 54 23
80 62 5  4  35 99 50 27 88 51 57 40 15 86 44 64 48 30 56 92 5  6  7  39 27 22 26 43 88 95 32 41 43 35 12 51 7  39 94 61 49 45 8  37 13 72 76 50 7  91
53 3  61 4  82 85 2  8  14 48 30 48 52 32 66 39 30 89 97 38 56 34 32 40 71 59 47 98 79 99 91 40 57 7  67 0  7  48 83 75 82 41 36 75 58 45 4  4  97 21 72
74 17 58 30 47 40 75 88 70 54 25 33 62 63 28 33 84 38 56 50 85 3  94 14 84 91 78 47 0  48 71 88 60 8  90 36 75 48 26 55 11 15 26 72 90 35 8  6  93 27 90 34
56 8  41 94 94 16 37 5  10 93 67 16 2  95 51 68 4  72 49 60 31 11 99 17 72 13 87 77 64 11 28 47 29 13 43 96 36 37 74 41 28 18 15 39 21 73 45 56 15 10 92 53 1 
27 79 91 11 67 81 19 42 1  73 90 87 13 34 70 61 90 15 25 7  65 43 58 72 31 37 76 89 4  40 6  11 56 62 62 49 8  71 38 65 83 42 58 19 29 54 24 28 84 36 44 62 57 51
60 33 10 81 95 65 14 73 87 64 94 80 30 9  6  80 90 48 30 83 32 91 65 58 92 73 38 17 70 21 91 19 88 22 13 96 56 13 19 40 77 4  12 96 94 58 7  61 4  29 66 31 31 15 83
21 40 94 90 51 37 4  2  93 40 47 25 84 49 56 6  14 67 38 36 55 86 37 69 30 22 71 7  92 64 40 95 32 9  92 57 99 99 8  75 2  81 91 44 36 44 4  99 51 89 79 76 12 41 11 51
23 59 54 90 16 72 38 76 66 36 77 46 88 12 15 84 11 56 79 53 41 73 60 19 92 10 94 71 59 21 38 19 69 18 57 61 20 24 10 54 39 24 40 5  7  17 61 41 76 17 81 70 48 69 72 8  16
98 88 7  22 87 37 82 96 15 26 2  19 82 77 7  13 74 65 68 36 50 93 26 13 22 63 92 93 90 74 40 20 50 96 51 64 30 45 25 51 11 82 9  16 91 67 11 36 61 34 15 25 99 32 88 84 24 98
93 16 64 1  44 0  98 84 94 59 65 75 85 96 61 91 64 37 89 59 14 26 4  77 80 47 28 52 96 69 12 32 89 75 29 43 0  38 71 62 65 84 91 35 50 99 39 79 17 95 15 5  60 57 44 94 39 5  90
44 59 89 84 5  94 90 71 74 70 89 12 75 3  59 26 57 34 89 45 9  65 80 67 54 16 23 98 85 59 8  49 40 40 68 11 11 99 99 58 12 48 28 11 76 97 73 28 73 29 17 17 30 93 8  31 97 71 84 48
93 81 63 2  7  21 21 31 36 56 15 57 3  65 82 39 51 24 21 17 42 1  30 61 73 74 88 57 88 87 36 68 93 90 27 28 20 16 21 27 73 31 59 95 43 41 21 77 88 19 82 65 74 64 42 77 56 89 23 16 43
78 90 57 58 38 20 84 81 63 11 63 50 79 68 9  81 6  41 76 27 23 5  15 73 81 95 9  47 10 45 5  91 90 5  25 75 30 31 67 41 95 59 22 73 42 34 56 53 1  91 49 64 27 88 10 9  27 88 54 8  12 60
2  4  0  2  51 70 84 60 22 73 13 69 25 97 3  48 17 27 28 8  5  93 52 20 9  65 86 58 54 16 2  28 66 77 58 46 98 96 38 9  47 35 56 23 71 33 13 68 27 78 2  39 47 58 66 35 50 4  31 46 94 95 59
46 0  59 76 6  85 4  57 96 31 16 38 95 10 48 41 10 69 1  78 76 87 89 24 92 78 85 80 36 19 46 62 11 79 40 19 50 73 79 41 76 70 43 19 83 15 76 2  8  57 70 3  28 81 3  64 0  77 82 86 14 39 24 23
21 48 6  13 21 78 32 96 45 54 34 33 71 94 75 91 75 13 34 82 99 85 15 97 3  28 22 7  46 87 32 79 46 58 15 15 66 14 61 3  26 72 51 59 60 83 49 56 36 95 27 14 76 28 12 28 50 45 11 89 3  78 20 41 31
98 4  4  20 73 7  61 85 78 19 39 85 33 93 44 35 59 55 5  63 26 42 46 41 87 77 46 51 51 14 43 12 90 11 81 27 15 4  4  75 1  22 18 78 5  67 64 30 64 16 81 76 9  62 16 74 41 84 73 33 56 12 69 45 56 33
93 76 89 76 81 29 4  39 6  93 41 77 14 36 71 64 83 77 38 3  53 20 93 22 70 22 97 70 65 24 6  55 26 74 85 54 99 42 69 38 83 98 66 81 10 64 57 96 14 29 1  86 18 9  38 13 20 37 11 83 82 37 49 34 1  78 69
8  41 99 22 52 95 93 14 60 11 20 23 70 42 83 10 22 52 51 40 33 65 2  53 3  66 31 82 44 24 52 30 63 22 7  49 64 49 24 92 21 94 50 91 95 63 14 70 73 72 90 28 21 59 9  64 20 12 56 94 44 62 17 85 93 37 2  99
58 35 21 77 88 69 80 85 85 48 30 75 22 76 14 2  26 45 82 77 54 15 12 2  25 12 45 27 55 84 81 6  66 88 1  14 40 56 97 67 69 33 94 39 76 70 2  63 21 11 89 67 50 19 27 2  89 50 37 29 48 19 13 84 78 7  31 38 96
16 76 63 98 66 6  82 3  48 25 76 16 4  14 3  2  39 90 10 78 88 25 16 28 92 91 62 76 63 9  86 34 87 99 58 42 21 51 21 90 63 77 9  31 4  40 50 48 55 71 1  64 10 96 38 48 44 47 28 98 36 92 85 80 23 2  98 89 28 42
75 48 97 32 21 34 14 76 26 48 23 67 61 73 67 82 54 21 33 91 24 41 99 18 33 15 14 92 8  40 92 30 87 84 60 17 90 9  1  61 68 35 99 94 8  89 8  56 46 28 11 24 19 98 38 66 79 45 15 62 99 11 9  81 47 44 27 39 46 76 69
2  8  26 68 13 11 4  95 65 9  15 55 84 14 50 12 92 33 91 25 84 74 24 25 93 36 24 64 45 37 9  83 41 48 24 51 49 6  44 55 68 30 18 0  63 46 64 69 56 40 80 41 71 46 87 0  74 22 17 32 81 94 76 52 20 61 69 4  68 76 93 61
33 43 69 18 52 60 43 32 14 46 18 80 65 41 37 65 93 64 16 15 15 11 1  15 33 78 30 12 12 11 51 14 27 22 34 63 9  7  83 55 22 14 92 26 67 81 74 9  59 55 10 71 21 79 24 25 69 85 43 16 55 84 23 47 32 18 53 97 36 65 54 18 30
71 97 45 73 51 92 8  73 45 13 42 71 10 22 78 1  74 77 91 93 95 37 77 83 13 38 42 18 82 5  90 76 86 65 72 87 24 65 19 87 20 38 46 6  56 47 19 57 21 62 86 55 86 17 54 36 37 77 6  94 33 48 85 65 7  55 82 33 86 57 32 45 93 34
26 46 90 26 18 6  42 23 85 74 90 4  49 75 46 76 84 40 48 13 85 78 5  31 62 5  52 57 64 69 48 90 82 4  1  90 12 69 18 23 39 60 80 39 19 10 46 73 76 9  86 79 43 59 41 58 13 24 39 89 16 32 37 5  50 34 74 27 67 54 61 75 91 97 64
59 6  60 61 69 66 74 78 76 65 61 31 18 46 46 53 29 54 74 33 53 96 87 8  80 6  87 59 80 66 57 9  55 1  94 73 84 51 56 29 84 90 81 32 26 83 82 67 68 23 2  32 31 35 8  1  30 0  95 6  82 93 50 15 84 39 67 79 28 51 87 0  32 3  55 62
41 4  16 52 96 7  39 42 23 19 50 21 54 5  76 74 53 68 85 14 32 94 5  57 13 82 58 22 47 5  60 17 37 21 66 11 40 40 78 0  36 87 5  88 34 99 83 54 30 83 10 37 77 53 43 92 65 65 7  43 32 75 79 41 93 70 21 46 74 46 73 36 79 86 51 27 42
25 42 5  20 63 54 74 49 2  85 58 63 17 12 3  3  5  41 5  93 36 58 57 42 38 74 24 37 56 26 11 71 82 53 71 88 20 89 64 73 88 86 28 16 40 57 23 17 29 59 82 39 2  89 17 2  68 3  40 43 53 50 93 99 33 53 32 65 14 21 60 5  70 11 41 42 86 65
29 71 77 53 29 28 59 65 73 99 96 23 35 20 48 11 65 33 21 88 52 53 14 29 56 83 15 61 35 42 98 77 82 25 8  94 35 89 73 62 78 62 84 65 35 94 27 82 17 1  31 12 72 33 75 13 65 69 67 66 50 60 23 28 41 88 47 19 72 73 94 47 19 91 68 34 19 14 57
29 1  56 51 76 18 11 34 64 41 74 79 69 21 40 79 75 19 72 65 32 83 67 29 36 44 98 41 93 27 32 81 37 42 21 13 26 29 81 14 99 84 42 84 9  53 3  32 12 95 45 89 86 53 52 44 18 42 70 48 53 8  2  42 30 36 14 47 29 64 12 10 17 61 39 71 7  26 64 0 
7  77 24 18 88 25 58 99 83 31 82 18 82 19 51 28 30 76 56 95 90 9  92 63 5  21 32 13 68 57 31 1  57 13 53 87 35 80 62 68 41 20 22 60 51 83 57 32 55 46 25 25 49 83 31 57 33 94 44 19 21 19 77 7  46 99 99 85 83 18 7  7  20 30 0  92 12 54 77 54 64
51 57 58 2  0  29 86 89 46 74 53 62 99 94 44 30 34 70 3  87 71 7  45 4  82 54 33 11 71 90 71 54 77 5  85 19 90 87 9  7  58 82 36 1  21 39 28 23 76 47 69 40 51 25 84 69 52 64 29 50 45 33 6  18 83 70 37 5  10 21 98 14 65 23 2  11 58 16 22 87 49 94
40 19 49 95 32 55 66 4  8  85 8  41 25 56 28 6  0  71 45 37 3  7  66 78 38 61 90 10 32 93 56 20 34 86 88 11 48 68 41 59 46 84 1  42 4  10 90 58 4  18 91 15 30 51 77 49 46 28 90 0  44 92 73 30 35 97 93 26 58 74 50 30 37 3  85 17 60 18 17 52 48 45 29
21 54 95 27 20 89 9  83 7  77 84 12 88 42 77 52 85 15 37 50 96 75 38 79 99 48 22 69 86 27 50 0  9  45 73 86 65 71 36 57 43 27 92 98 44 12 37 76 91 63 4  81 13 54 37 70 78 51 44 90 4  69 40 30 11 27 67 67 73 87 2  95 92 77 16 93 96 42 83 37 45 3  55 21
7  35 60 67 33 32 40 21 57 0  78 64 45 79 70 18 52 51 29 5  90 15 63 33 34 70 4  56 15 3  88 40 12 25 15 23 3  21 66 81 94 89 82 37 12 37 72 68 74 31 34 24 69 46 80 43 55 6  2  70 77 73 77 79 76 48 8  60 44 80 61 89 24 55 96 90 98 60 96 21 78 79 80 94 97
6  97 91 50 28 1  41 12 93 91 19 63 48 5  95 58 96 26 9  79 78 36 41 46 27 0  20 93 24 83 99 14 11 10 67 12 33 59 4  45 35 8  71 53 79 67 5  4  26 91 94 54 75 59 68 20 44 85 37 45 74 9  48 39 69 56 3  68 83 60 2  44 68 96 50 58 80 13 75 6  10 18 17 98 20 99
84 16 70 39 19 82 3  28 85 40 27 25 80 92 58 75 28 39 56 38 49 42 80 25 12 7  51 20 13 50 70 88 56 56 80 82 42 74 44 48 39 44 22 2  30 69 30 55 4  21 88 51 10 12 73 74 48 56 95 71 76 97 58 31 1  3  41 44 42 45 72 65 79 91 36 4  56 25 96 20 65 57 84 27 29 82 72
56 32 60 72 13 58 29 82 82 74 2  67 80 77 20 92 66 72 60 40 76 5  8  69 70 80 7  52 51 54 67 61 5  28 61 8  52 96 96 39 55 93 25 44 87 72 4  5  92 64 40 31 39 91 29 0  46 48 59 50 27 47 20 33 10 95 4  43 57 85 75 70 70 97 32 40 18 23 10 91 49 58 33 3  44 72 40 52
72 79 28 17 0  58 90 98 96 4  60 92 6  61 30 82 65 62 39 67 0  57 84 15 67 96 31 85 81 97 98 68 65 93 11 40 51 82 87 85 40 71 99 90 8  47 87 78 76 15 98 63 94 11 44 26 87 36 97 49 61 9  20 60 44 60 45 15 57 69 96 26 92 56 52 33 84 0  32 25 12 25 27 2  92 50 12 96 25
64 37 18 89 91 54 70 20 85 40 18 19 97 42 13 99 39 19 2  24 98 1  54 48 95 88 91 92 39 50 68 32 27 13 33 0  75 93 66 20 64 36 68 70 46 7  7  98 90 76 81 70 8  13 59 20 60 4  56 32 22 57 57 17 86 85 53 45 65 47 24 74 59 37 8  66 3  50 75 95 18 76 55 61 76 61 90 66 5  5 
19 46 97 37 67 45 77 14 75 98 70 88 85 28 99 31 98 4  87 57 36 94 9  88 55 73 75 1  57 26 71 7  89 65 11 19 1  40 21 19 71 99 33 36 78 31 87 90 34 57 49 96 96 44 51 88 39 46 46 52 0  86 62 82 25 30 51 71 14 39 61 59 71 98 90 22 28 33 70 41 13 4  86 9  70 29 7  86 43 73 19
50 94 2  72 13 13 56 16 5  7  99 80 28 65 17 86 70 66 14 38 39 4  9  28 94 19 39 98 81 57 32 39 1  95 70 35 12 39 44 88 18 89 76 17 20 56 64 6  46 3  68 87 45 74 87 11 10 78 85 95 75 27 39 28 50 74 54 33 54 66 12 9  67 1  62 86 51 2  56 94 39 30 37 22 6  76 72 37 59 75 32 28
61 86 41 41 57 20 14 14 64 85 79 12 41 26 73 46 60 54 59 5  34 54 6  97 82 68 32 42 24 86 43 9  55 44 16 36 9  21 93 20 74 16 94 4  37 60 33 49 8  69 14 56 95 5  27 70 37 69 29 31 21 57 31 76 36 56 97 39 84 69 72 1  79 96 34 19 28 79 76 6  92 95 34 80 34 23 23 1  75 13 52 18 86
90 74 72 6  41 64 8  84 31 66 93 38 80 74 54 92 83 99 29 0  50 34 82 15 48 82 64 70 59 73 48 60 45 44 89 48 97 25 54 88 36 25 11 58 80 76 1  29 43 38 2  55 67 35 58 28 24 87 69 70 44 65 81 41 7  35 61 84 38 92 28 56 74 66 74 29 57 7  77 25 93 41 52 13 23 71 98 29 45 0  68 53 99 27
18 39 30 36 82 9  17 64 44 9  42 78 23 78 21 74 34 72 88 8  1  27 45 15 91 24 16 24 92 61 42 24 83 8  29 53 74 41 20 42 65 96 41 17 11 96 56 98 10 8  62 20 84 87 60 21 88 22 15 3  93 64 35 88 14 18 68 55 9  43 74 69 81 70 83 96 87 12 99 27 76 78 11 29 36 46 17 77 43 46 20 85 91 72 6 
50 20 91 71 34 88 13 95 5  92 32 33 99 8  71 96 21 27 93 78 97 80 91 55 33 83 45 68 58 6  10 18 15 77 89 25 38 42 53 57 67 28 98 78 59 62 75 65 69 50 51 63 61 5  18 26 18 63 18 24 7  61 84 68 29 20 33 20 41 13 91 12 15 3  24 2  0  3  80 18 78 27 54 37 31 24 26 98 19 43 90 1  73 54 20 86
2  31 85 43 75 40 40 57 81 60 79 63 31 26 18 51 55 78 26 82 98 22 40 45 80 5  98 82 97 20 9  64 73 1  60 92 26 47 92 81 21 83 32 87 82 99 79 11 17 65 19 5  91 1  92 37 56 24 46 52 45 93 50 21 76 53 7  35 87 50 6  34 13 54 59 45 56 0  63 34 77 89 48 15 98 97 16 60 45 28 67 22 94 8  3  13 60
94 8  59 54 73 93 74 3  59 80 43 69 38 13 90 75 65 37 21 29 46 81 51 35 65 78 26 9  13 29 6  4  9  92 55 9  52 34 20 2  13 95 95 58 31 61 20 50 26 27 26 86 76 76 13 57 56 74 88 84 67 95 31 79 75 63 4  25 41 79 48 98 94 22 66 73 57 19 31 3  37 81 57 2  65 53 60 71 73 50 50 51 43 17 50 61 99 1 
14 51 16 92 22 15 66 48 89 43 61 66 23 8  89 99 11 83 57 34 41 59 78 79 29 71 90 38 2  86 30 64 83 56 38 3  75 8  44 8  53 29 10 27 80 28 31 82 9  37 64 53 90 79 36 64 29 63 63 74 81 89 35 52 7  5  93 88 78 16 30 50 51 44 68 53 19 24 0  68 12 96 92 76 14 30 60 19 97 30 68 29 51 85 6  43 56 84 49
95 8  68 57 97 35 61 9  15 69 57 51 66 60 13 7  16 19 32 69 51 26 67 59 56 23 34 76 89 66 20 90 25 72 56 22 61 67 48 44 9  76 79 3  78 39 60 36 43 86 45 82 57 88 93 95 42 7  21 68 13 18 38 78 20 18 86 57 39 82 2  52 76 74 3  67 51 79 97 27 19 18 13 68 40 41 82 31 50 68 42 80 25 29 68 14 91 59 83 45
