57
24
5  0 
40 35 61
80 10 95 4 
9  26 17 22 19
36 43 41 54 50 51
66 24 34 73 25 92 25
93 20 37 8  71 64 33 3 
88 11 50 70 37 90 22 70 85
70 23 0  91 1  93 60 18 55 12
38 29 16 11 21 55 53 0  90 58 83
0  18 28 43 32 5  78 53 0  30 81 38
0  72 94 87 4  81 48 2  4  27 91 82 72
39 6  95 80 23 13 69 53 97 7  56 58 98 33
48 37 34 72 40 85 55 25 97 6  72 46 62 30 90
65 33 3  28 56 98 58 11 40 29 88 29 97 51 69 61
25 67 13 55 84 47 46 78 58 13 24 64 63 75 89 78 3 
23 52 2  64 4  15 25 20 88 57 4  14 89 46 19 56 19 13
43 89 85 65 43 94 65 87 74 69 3  35 25 42 84 60 96 37 61
71 88 64 29 42 49 98 79 88 36 4  40 40 83 98 69 5  88 84 97
11 75 25 41 75 59 62 10 97 74 78 6  83 88 36 90 18 8  57 26 12
18 95 30 38 82 27 40 25 27 21 88 90 81 56 36 64 9  94 51 21 93 94
35 32 32 25 55 96 49 97 53 75 50 21 43 83 70 1  71 65 4  98 17 40 32
44 82 74 1  9  76 60 10 67 38 13 68 98 2  10 76 7  80 70 25 61 24 25 47
65 14 9  27 70 70 64 17 78 3  61 39 16 1  10 43 92 38 70 34 47 0  77 28 93
35 76 37 55 7  72 78 66 58 52 61 63 97 40 13 43 28 40 28 71 69 39 88 80 7  50
7  68 19 6  33 93 79 20 92 15 91 6  65 62 12 89 70 3  22 43 90 3  3  8  13 91 65
0  99 58 10 52 29 53 67 26 76 72 26 21 52 82 73 15 12 55 57 29 27 75 93 43 39 24 26
27 94 19 95 24 68 36 90 64 74 18 58 97 76 44 77 72 52 90 27 29 87 92 25 18 38 97 23 13
36 54 14 40 62 84 50 40 75 51 98 64 66 63 15 30 86 25 73 73 89 77 96 12 72 99 13 97 42 33
99 22 3  22 55 10 47 52 58 54 71 48 2  82 66 91 33 93 90 18 17 1  82 62 66 80 90 52 17 26 10
51 28 31 92 66 91 85 20 54 59 10 83 57 31 52 49 68 92 88 24 70 16 96 48 94 16 79 16 36 81 58 92
65 40 5  55 77 38 19 58 97 63 62 67 47 76 25 41 81 74 30 5  26 90 23 48 16 50 65 72 1  20 70 8  43
53 17 15 2  0  95 78 45 1  71 46 62 72 59 58 64 91 56 68 4  83 85 1  86 17 89 52 78 71 1  52 65 29 32
58 55 33 98 10 8  0  15 4  34 23 41 12 45 62 91 99 9  68 78 52 90 87 39 40 25 86 34 50 88 4  30 34 0  83
75 30 55 7  12 30 70 19 92 60 72 72 12 52 62 90 62 24 64 81 95 38 16 14 51 26 83 83 52 31 33 58 71 37 64 68
2  86 93 60 6  24 79 94 62 23 88 78 43 69 22 93 13 69 60 57 52 80 84 47 12 74 72 33 47 64 41 75 45 37 49 8  10
94 2  73 85 29 91 43 47 43 19 68 46 21 56 15 4  51 76 82 79 66 69 15 15 84 15 8  78 85 29 90 93 83 27 6  57 26 15
83 21 98 13 64 92 9  97 55 2  92 13 46 2  53 74 15 45 40 83 53 0  21 3  57 67 35 76 10 0  43 77 48 77 81 43 58 68 30
83 28 20 93 69 59 75 6  57 88 46 74 25 31 93 91 85 67 91 78 44 14 17 91 72 18 84 19 5  6  64 69 96 24 16 33 19 95 11 99
13 66 10 33 47 61 69 36 67 1  65 29 49 48 77 25 54 69 13 82 22 96 38 37 31 3  89 58 55 99 85 61 23 61 10 39 0  55 35 68 9 
41 63 61 88 77 28 53 19 86 53 45 22 56 18 40 18 46 36 85 93 17 90 13 55 25 59 52 77 13 53 51 18 49 48 49 85 40 76 89 43 81 90
21 36 32 48 34 69 15 42 32 50 27 45 59 5  15 65 94 25 74 82 34 28 43 37 13 3  31 22 19 70 71 71 55 33 25 44 0  1  56 45 72 12 15
11 68 41 11 83 30 57 57 54 93 76 95 97 84 73 71 16 35 85 92 56 83 91 98 57 1  80 98 23 79 4  67 1  4  54 11 37 53 64 44 45 2  45 81
53 64 47 62 42 54 14 65 20 77 63 43 72 75 20 14 2  68 99 35 92 76 92 64 26 27 37 64 5  64 20 27 59 44 30 9  33 69 98 48 88 28 83 89 19
30 69 40 28 62 73 18 35 37 55 55 19 44 51 28 13 55 14 67 52 68 98 17 69 58 29 80 53 78 97 3  78 94 1  65 66 64 66 52 72 67 91 57 37 69 34
50 9  20 33 23 47 35 4  56 47 24 51 22 95 11 2  63 14 0  42 80 22 44 12 56 53 59 88 35 82 60 47 81 20 47 88 92 27 60 28 81 23 1  33 57 29 67
35 49 55 47 51 83 41 17 70 38 95 78 48 45 28 91 65 20 39 9  4  77 2  36 76 55 76 80 28 94 97 8  35 83 84 41 73 5  36 64 5  4  26 8  64 87 76 46
83 9  61 78 65 26 66 5  3  76 33 15 23 78 60 69 63 29 14 43 15 64 7  80 50 22 56 33 13 6  12 9  58 25 37 69 15 8  62 17 97 73 36 15 62 23 0  54 12
98 70 54 17 8  51 0  7  27 7  70 92 28 8  1  54 57 9  33 85 92 18 91 81 87 4  45 48 87 22 86 28 50 93 13 96 77 80 34 12 53 18 58 18 26 76 66 38 36 29
36 95 97 18 49 12 20 88 16 32 35 97 56 52 77 40 29 89 15 69 96 37 84 41 19 1  49 54 63 45 59 12 56 99 29 75 51 51 77 67 45 92 53 14 82 29 17 45 17 58 5 
64 3  64 28 84 78 3  96 83 12 53 80 71 56 39 13 72 90 26 31 49 76 31 10 72 3  17 75 34 32 20 28 20 54 16 60 61 66 6  29 78 61 68 29 39 53 55 82 76 7  9  26
24 96 6  12 55 85 0  31 56 59 22 65 93 71 81 75 20 80 83 74 77 70 20 98 14 53 77 72 54 94 76 59 37 1  59 0  82 88 41 0  4  1  45 71 73 22 33 44 10 86 64 14 83
17 39 47 26 48 39 73 84 45 28 97 52 55 11 29 3  75 95 31 78 69 8  4  83 66 4  52 37 72 68 96 21 83 88 79 59 46 47 29 89 40 36 18 19 47 76 80 96 2  72 24 90 19 44
52 54 62 39 46 88 54 32 14 51 10 12 96 79 47 72 16 54 76 76 60 9  46 28 89 70 99 43 8  74 44 19 50 11 5  74 83 58 64 44 84 18 40 29 75 91 45 30 59 2  93 96 46 73 77
75 59 71 97 16 15 75 40 18 95 24 48 47 94 1  53 4  54 17 0  32 90 6  37 81 43 9  92 41 33 34 98 46 54 97 67 93 92 76 43 58 21 32 98 38 60 92 95 53 67 98 26 67 38 68 39
63 41 85 64 43 29 71 18 1  91 11 41 51 46 55 73 33 59 79 22 29 93 87 92 43 99 17 14 36 71 15 70 2  98 46 43 5  24 35 58 41 38 75 64 71 9  24 55 8  13 13 76 24 4  92 18 93
