72
15
27 92
19 75 59
17 80 69 90
67 33 26 35 76
10 97 79 56 30 29
13 19 43 94 80 43 45
11 35 66 28 97 72 88 47
37 43 95 32 62 77 81 11 69
14 24 80 1  19 79 55 72 24 2 
27 93 31 8  26 55 55 91 83 29 9 
18 46 39 68 4  70 56 51 54 41 33 62
62 36 71 87 15 57 68 0  51 51 96 89 23
60 22 31 79 29 88 3  61 43 56 15 95 65 62
35 70 63 66 88 20 66 50 27 84 32 97 31 91 59
98 77 98 94 23 25 73 40 18 31 47 33 78 27 10 58
39 57 17 2  0  16 28 63 14 43 51 89 68 50 17 14 23
70 42 42 9  48 20 25 41 28 4  26 89 26 41 27 13 50 22
50 25 74 82 57 2  1  35 92 83 68 39 2  29 22 81 47 37 9 
91 72 14 1  68 63 33 72 10 22 1  33 54 19 58 49 58 83 14 89
24 79 51 76 62 61 89 60 83 63 25 54 34 64 3  38 30 49 72 45 53
81 4  3  98 38 21 57 59 3  58 38 81 49 85 69 41 13 13 40 10 54 49
99 39 42 32 76 77 14 2  8  2  57 13 62 17 71 18 24 51 33 73 74 32 48
18 16 96 88 86 35 33 60 58 88 72 75 54 4  97 92 96 80 35 74 56 93 75 84
79 82 49 55 13 93 93 51 91 78 37 74 29 35 80 22 75 84 7  97 92 27 34 37 5 
56 61 25 21 88 79 40 33 63 33 96 88 3  77 85 33 5  10 58 4  55 10 27 9  15 22
0  99 37 57 70 88 11 11 23 82 80 4  69 61 72 19 33 81 57 32 23 75 67 46 32 21 35
58 68 86 6  95 89 70 14 63 40 75 39 58 76 24 49 21 27 9  49 88 84 9  98 83 38 95 69
83 78 19 24 44 25 40 75 34 44 48 0  18 96 48 26 86 35 31 85 82 32 98 67 85 18 79 85 29
48 59 90 74 68 77 29 78 88 28 43 15 86 10 25 16 72 44 33 61 50 1  28 0  10 4  26 91 25 99
47 33 3  80 31 40 71 26 12 57 16 58 79 57 73 57 0  10 87 45 11 87 33 16 26 22 83 15 31 58 4 
24 92 10 1  35 33 64 89 34 2  1  44 42 1  9  49 80 66 90 59 45 78 6  20 79 88 65 83 98 13 68 3 
21 11 46 74 14 6  59 88 96 14 51 85 52 49 26 14 7  19 72 97 86 80 67 63 77 2  87 72 41 88 39 87 78
28 98 52 23 19 97 49 80 29 73 91 76 55 36 1  3  65 8  31 78 49 89 42 49 19 13 22 71 96 40 83 19 33 26
8  70 36 98 40 70 7  26 22 56 32 4  25 64 17 30 22 43 9  52 95 36 3  63 88 37 25 90 65 95 99 95 9  58 12
48 63 64 54 15 49 89 82 83 15 16 82 41 8  41 40 59 82 89 0  50 27 85 75 19 76 86 71 98 70 31 84 41 22 7  87
33 41 4  20 64 57 69 92 96 32 81 55 5  1  4  96 34 76 52 85 12 70 1  94 63 38 46 90 81 75 95 25 52 39 11 29 10
36 47 73 77 96 66 71 53 12 84 90 50 68 90 63 8  89 98 80 47 9  22 89 56 88 64 88 34 28 27 23 43 65 24 59 43 96 6 
71 31 21 8  36 34 4  97 67 8  39 86 55 54 26 52 81 69 0  86 9  10 41 93 70 96 55 75 0  52 9  28 15 59 44 21 6  28 70
77 38 65 56 14 2  48 25 78 14 63 95 84 28 70 2  8  68 19 45 19 72 62 40 6  10 25 76 5  37 16 96 0  45 52 45 50 13 70 72
99 18 51 61 20 95 40 49 20 44 91 83 39 70 42 52 97 28 17 98 30 90 20 11 95 41 48 45 83 76 12 88 56 42 28 44 31 24 21 7  69
64 92 47 42 74 33 23 39 55 88 46 87 61 77 71 41 37 77 93 3  14 22 6  59 83 68 96 22 78 4  15 48 91 66 59 60 85 60 1  38 39 88
36 76 30 47 39 17 83 94 31 24 82 34 14 73 12 77 2  32 64 50 63 63 15 87 63 47 13 44 78 64 57 2  57 56 80 20 24 15 80 99 26 14 62
11 5  70 12 87 7  65 64 70 44 62 63 83 37 78 86 79 52 22 63 24 35 19 98 86 59 31 76 66 90 13 47 13 77 34 28 85 27 91 61 39 24 19 20
7  69 97 1  81 47 20 30 54 53 51 89 32 44 58 13 64 99 71 35 17 88 63 49 54 86 10 37 47 1  47 96 33 88 91 30 80 46 82 92 40 42 7  2  39
7  82 79 23 59 10 9  36 32 12 97 64 25 88 84 99 85 12 43 96 98 79 47 25 5  74 79 95 52 20 26 76 18 80 48 46 76 77 27 4  94 94 58 68 54 20
56 66 26 65 29 83 21 50 13 79 79 0  80 36 73 3  64 8  21 17 34 56 89 86 53 23 91 41 61 97 48 95 60 88 62 25 46 14 92 62 61 42 78 13 20 2  36
12 44 58 27 22 11 96 35 71 80 93 38 73 66 93 26 86 49 5  73 60 3  93 79 94 54 9  15 78 3  30 96 84 79 57 54 38 87 6  2  7  49 77 33 12 46 85 23
44 84 11 30 70 4  80 82 35 61 36 61 77 4  36 13 65 58 67 8  12 50 10 46 60 61 11 92 94 83 6  0  31 11 21 95 71 75 55 61 85 73 84 5  37 38 45 19 68
35 8  44 36 58 86 29 95 78 45 67 20 85 49 73 13 32 66 27 88 61 72 32 31 2  7  98 95 94 81 44 94 48 39 85 3  79 1  77 35 94 34 38 45 10 80 5  86 68 27
94 55 88 74 11 14 47 17 31 36 70 96 50 81 66 15 45 52 38 4  22 80 77 58 25 29 46 69 14 94 19 34 88 15 18 88 74 76 61 14 35 21 79 44 58 49 60 52 76 7  46
1  78 35 10 41 5  17 20 76 7  13 44 2  19 65 35 7  7  79 18 42 68 94 40 72 7  35 17 37 65 46 59 3  37 84 83 12 34 61 66 86 2  7  81 57 54 94 51 97 50 75 90
75 92 29 56 10 9  83 24 38 53 92 16 1  14 13 51 77 52 1  21 76 56 15 56 24 25 56 27 49 1  19 63 27 53 79 78 22 0  12 53 60 73 70 22 93 14 28 61 76 35 56 0  76
12 75 65 17 37 40 10 24 37 12 12 16 8  87 75 91 16 61 15 78 85 44 18 10 64 11 53 94 1  25 93 87 87 49 81 52 54 77 3  13 93 88 38 92 71 20 9  5  8  92 66 49 0  66
88 81 69 19 89 61 0  76 59 54 25 35 24 14 38 6  73 11 17 61 36 10 90 50 43 13 93 64 56 43 1  10 88 34 45 26 81 35 16 19 44 63 96 64 73 64 31 64 17 84 73 8  18 12 66
36 59 66 14 21 76 76 77 27 43 5  12 65 40 34 81 46 30 79 81 10 87 20 55 95 61 98 95 5  9  98 39 20 58 74 28 59 93 62 97 67 62 57 20 64 51 78 55 29 26 27 67 27 81 44 86
57 77 93 86 95 19 78 67 88 74 63 49 87 52 32 69 11 94 95 58 87 20 34 89 16 59 37 97 26 27 81 9  70 58 92 2  38 93 55 80 23 68 69 94 37 8  33 91 62 86 90 68 91 25 76 60 2 
92 79 1  36 40 45 55 37 89 76 66 6  52 89 99 36 8  74 66 61 11 20 43 25 96 60 90 18 3  85 62 92 42 94 91 57 90 32 8  78 44 33 90 55 1  87 17 90 30 34 45 70 82 18 70 40 21 10
61 24 82 62 91 30 99 18 6  91 64 62 55 17 28 79 67 54 98 85 82 11 18 61 69 41 92 73 60 98 45 44 84 33 98 18 7  40 90 96 92 0  10 32 95 65 13 91 34 68 71 27 0  76 33 18 9  53 15
66 85 83 30 38 17 32 25 62 9  78 9  59 79 15 27 76 31 41 36 7  26 20 95 57 61 3  90 46 53 78 23 1  89 91 9  96 38 25 69 38 75 0  99 58 37 43 78 55 7  23 83 53 71 82 15 94 44 21 56
51 43 92 89 87 8  72 87 95 99 97 2  10 20 28 67 66 21 34 83 58 17 73 94 86 87 31 32 67 52 98 26 68 78 51 55 8  1  33 17 15 66 39 23 11 57 41 9  84 66 51 88 68 36 72 49 63 99 11 51 64
81 83 85 92 33 38 31 78 63 28 1  70 95 67 7  76 44 71 61 61 89 31 30 65 19 90 87 97 77 74 41 88 11 30 31 61 22 47 57 76 22 85 86 21 71 59 49 92 91 9  30 87 14 65 42 21 46 69 11 65 43 25
62 76 56 83 95 66 76 13 59 14 74 30 49 4  96 76 13 59 80 23 33 48 34 29 76 44 55 35 47 49 21 63 30 63 91 97 92 23 53 56 11 11 91 83 68 16 97 45 78 87 52 77 51 20 94 33 12 81 52 3  76 28 15
40 50 94 98 36 5  98 83 70 36 53 9  12 45 40 56 54 94 0  1  7  29 91 59 39 33 94 64 45 10 4  27 30 84 53 2  31 42 68 19 97 93 99 3  13 54 43 36 42 55 16 19 41 90 70 88 83 35 79 41 12 86 78 57
3  97 16 75 46 52 90 47 95 50 85 89 33 62 82 26 56 86 62 37 1  21 76 41 30 10 25 3  36 81 22 70 16 49 39 40 29 68 57 73 43 20 66 48 96 7  57 89 8  46 20 0  19 21 99 20 71 30 62 22 85 8  27 0  26
57 13 24 65 34 37 95 89 89 52 13 68 84 11 85 62 12 4  4  16 65 96 52 43 92 98 0  33 48 48 71 25 98 91 33 74 46 88 90 19 64 11 92 12 35 18 83 28 62 59 53 98 48 41 69 8  83 80 22 38 39 27 44 65 83 99
78 57 35 95 83 54 17 6  73 12 77 21 49 24 31 66 44 94 61 40 51 84 34 60 23 69 42 58 64 7  94 50 90 20 26 48 84 47 41 56 62 5  22 51 72 25 78 82 36 14 87 29 74 62 12 79 9  30 86 39 89 37 79 86 24 87 61
10 65 20 48 31 81 44 45 43 30 86 38 5  70 1  36 67 98 8  31 92 62 53 56 81 30 53 27 63 19 16 36 2  65 94 30 92 8  61 80 76 63 55 53 1  28 34 93 92 15 31 51 70 88 37 29 7  0  78 24 46 17 35 39 17 70 7  32
40 9  64 46 9  98 50 87 53 56 59 64 10 96 10 89 2  67 81 16 57 81 33 44 25 18 84 31 4  49 0  25 62 2  67 22 94 1  51 58 30 0  6  70 45 29 70 23 32 43 4  6  99 64 27 55 38 74 59 42 67 8  11 17 62 59 98 67 83
37 15 82 87 75 79 87 77 77 24 14 95 97 20 20 44 10 68 61 45 55 8  66 26 28 44 87 78 33 80 49 55 36 44 83 27 24 56 72 66 2  89 76 15 26 69 61 17 3  52 92 22 57 28 58 77 12 9  69 89 47 7  8  31 70 28 63 68 65 25
92 88 50 47 22 48 58 46 15 67 69 91 95 15 44 1  68 88 4  81 46 76 27 67 79 89 91 84 18 11 10 84 13 10 57 31 27 18 48 4  87 98 54 87 43 95 97 0  1  90 93 37 90 17 37 66 42 28 98 56 87 58 75 15 65 66 75 93 36 49 60
70 46 7  36 56 80 47 19 28 94 20 3  45 28 21 47 1  99 98 66 70 56 70 17 98 59 82 99 28 92 49 32 50 79 39 56 23 31 62 5  47 41 41 54 49 63 50 17 85 88 76 47 88 78 50 27 18 40 93 92 36 91 91 72 65 55 69 97 38 12 22 10
