43
19
60 78
65 79 39
60 97 3  82
81 41 49 55 77
42 51 2  15 56 44
75 5  44 47 41 21 42
77 78 79 60 35 5  55 95
85 79 32 50 96 62 95 65 81
53 73 1  69 31 60 96 85 69 5 
67 82 41 28 22 5  41 19 62 46 56
71 78 2  7  74 98 18 55 85 68 60 16
28 83 92 10 30 96 34 84 10 44 55 95 1 
72 55 31 93 26 39 59 80 44 27 36 4  54 25
7  94 97 42 69 8  98 43 53 18 53 23 56 8  38
28 15 54 33 56 64 49 86 57 71 58 15 49 75 89 25
53 35 7  21 79 38 16 78 45 20 80 14 20 41 93 45 5 
38 6  41 19 58 83 96 21 0  40 95 9  38 92 91 57 69 95
45 18 77 94 19 29 31 79 11 20 28 66 9  77 25 75 85 29 57
58 11 85 49 93 38 85 61 23 64 20 43 6  59 21 79 28 38 27 16
10 86 36 64 69 61 90 16 14 36 65 67 22 97 32 84 33 37 81 25 87
37 9  25 18 23 59 16 96 17 39 25 59 23 63 9  55 49 10 52 93 34 55
53 10 58 38 71 68 9  77 67 99 49 68 8  59 55 22 51 20 30 86 3  43 26
21 65 98 44 24 46 39 67 97 2  57 49 99 10 61 48 11 82 22 64 84 11 86 13
16 35 98 35 32 41 34 87 77 90 23 22 97 27 38 13 26 57 39 25 28 63 61 26 39
92 88 79 86 93 50 60 46 20 43 46 67 56 57 87 51 57 86 6  72 56 32 80 1  66 47
75 98 56 9  26 5  37 15 5  75 7  18 20 64 33 74 8  15 59 98 63 92 86 79 8  91 37
82 48 61 66 7  58 0  2  38 82 27 88 98 37 41 57 69 70 22 89 66 33 80 55 25 20 3  40
57 96 47 53 2  48 28 84 14 17 19 11 42 91 96 46 24 46 56 37 75 31 6  49 55 98 73 2  1 
11 41 1  0  30 52 57 45 59 18 12 38 85 84 10 78 39 29 84 99 18 48 71 70 0  52 25 62 60 71
27 43 23 44 30 46 73 14 78 51 52 58 18 2  0  37 81 97 37 54 37 24 99 84 19 91 54 25 85 18 1 
36 45 64 64 63 75 7  3  77 84 34 77 13 77 32 45 57 15 73 23 22 98 77 40 54 9  66 49 60 57 98 35
44 11 96 91 68 4  24 22 10 7  60 86 21 14 52 67 81 31 97 12 97 22 41 80 6  87 12 33 38 23 72 74 22
41 21 42 82 1  6  92 57 46 81 15 27 0  79 36 52 79 53 60 41 67 44 14 29 82 13 29 87 14 77 2  74 25 87
90 82 16 7  85 38 69 69 86 47 90 85 63 21 56 2  98 73 0  89 66 88 57 26 86 25 72 76 55 27 85 65 51 44 7 
51 26 52 48 13 48 55 51 28 20 4  96 95 97 8  67 45 47 1  23 29 52 52 19 50 96 8  42 12 8  9  55 2  58 4  80
83 87 1  39 66 54 93 69 32 57 99 47 35 87 10 11 60 20 84 33 43 69 79 2  32 18 79 62 78 72 48 81 40 12 24 40 48
75 6  68 11 46 27 10 78 57 46 60 60 46 67 29 46 45 66 20 83 64 82 26 21 71 7  58 7  27 42 81 96 2  29 40 0  86 20
61 16 29 15 39 91 69 21 10 3  60 32 24 79 95 70 57 44 59 69 50 30 51 38 27 41 45 95 14 42 48 47 0  99 61 22 52 4  96
34 4  45 68 58 99 60 28 3  69 88 57 25 65 10 10 35 41 97 80 60 83 45 30 94 71 21 30 73 24 27 71 26 18 75 6  67 41 9  84
56 93 55 26 53 73 74 39 34 93 32 28 4  44 12 88 24 83 89 3  64 13 41 54 61 15 25 65 43 78 49 47 23 67 68 0  33 60 12 28 44
26 96 5  32 53 69 84 36 46 16 57 1  99 88 25 59 95 46 44 42 64 66 45 46 8  95 16 57 93 12 74 96 43 39 31 69 42 45 59 91 18 52
31 32 98 73 87 21 12 48 36 54 68 42 28 29 49 95 6  52 63 12 79 53 25 25 19 97 44 93 79 87 61 84 93 54 70 18 76 32 68 92 83 28 66
