97
68
22 26
40 48 85
10 64 60 7 
3  65 99 88 99
37 4  30 7  38 44
88 50 21 45 86 40 47
14 3  85 43 97 72 5  43
92 88 72 25 48 83 1  32 72
81 96 87 92 82 43 41 51 37 63
20 51 92 0  41 49 23 77 58 73 14
9  57 49 14 23 32 98 35 20 58 58 25
48 12 32 6  26 68 38 72 23 74 89 38 7 
8  83 64 81 42 15 24 3  29 37 5  94 42 55
18 71 68 9  55 63 36 52 94 63 49 32 99 30 57
85 18 80 14 83 66 62 52 12 69 78 44 66 45 16 57
91 22 27 6  56 92 37 98 10 12 20 87 45 56 31 62 30
24 30 38 24 65 47 18 45 61 76 26 70 3  13 95 43 10 89
48 67 95 48 11 82 50 60 81 53 83 60 90 19 32 70 19 6  10
57 3  4  37 13 92 66 62 0  73 77 96 22 33 46 26 73 8  88 24
16 92 0  82 0  0  90 6  67 47 1  78 79 54 70 73 49 56 70 14 4 
6  40 61 65 96 58 69 66 34 75 91 63 63 20 30 11 82 80 18 57 84 44
62 2  13 3  58 90 57 57 45 48 43 25 76 26 96 64 69 30 64 79 89 13 35
15 68 83 21 93 74 1  89 1  11 80 30 33 83 26 77 56 9  15 12 96 67 94 68
3  6  61 0  0  27 32 4  43 53 17 70 26 68 90 83 55 90 69 78 32 57 39 45 89
48 13 2  47 72 59 0  90 7  44 67 67 33 16 79 30 24 42 62 76 63 5  82 96 79 97
73 50 94 62 56 82 84 22 1  94 26 70 4  66 63 80 83 91 62 88 44 20 36 99 7  58 73
6  24 27 94 77 37 6  95 48 78 63 26 98 42 94 72 65 9  68 0  93 0  61 17 43 12 92 19
23 8  96 21 52 43 52 82 6  95 96 17 82 28 66 87 99 79 44 37 36 21 38 58 73 83 73 70 95
76 89 45 74 9  24 67 52 50 86 56 38 35 92 8  55 2  55 79 63 5  55 63 0  18 58 0  12 54 1 
43 12 97 90 44 3  56 65 88 22 74 2  60 87 95 74 74 70 16 98 60 47 7  50 52 78 34 16 34 99 41
54 12 72 94 87 66 87 57 97 38 10 11 39 89 53 71 39 56 12 63 21 67 16 5  21 35 33 19 78 67 29 40
26 57 80 24 6  45 80 0  55 88 56 68 57 68 76 32 33 32 38 99 81 36 9  69 84 92 59 65 25 92 50 93 4 
65 26 99 16 50 52 14 43 3  46 72 30 66 63 54 98 4  94 31 61 1  88 13 41 79 98 57 18 64 21 7  23 70 96
84 89 53 14 86 7  5  67 58 80 95 0  46 61 17 25 24 10 62 60 86 79 84 76 27 12 60 93 10 0  99 60 34 81 6 
82 81 62 94 13 50 66 23 69 50 71 75 13 8  31 58 24 53 51 15 47 56 12 58 99 82 61 20 10 49 27 90 16 67 36 5 
1  86 67 44 45 12 23 51 8  56 44 43 64 72 22 88 86 84 45 21 53 90 96 26 18 26 91 29 7  5  17 28 50 74 52 37 1 
84 76 83 5  44 25 75 95 61 52 25 90 10 55 93 33 54 81 99 95 45 84 14 22 4  36 67 74 91 80 32 4  51 98 61 85 11 33
3  22 6  51 97 16 37 62 52 17 8  86 40 86 51 57 40 95 0  74 76 48 82 76 82 3  99 12 57 13 17 49 49 5  99 12 57 11 49
70 75 89 30 31 84 32 21 60 40 90 37 34 71 94 84 50 8  96 17 87 44 85 38 72 53 95 41 38 21 65 43 28 29 64 16 36 62 30 60
92 45 77 85 43 87 8  73 75 43 73 27 86 29 73 10 67 2  54 29 31 97 63 37 48 56 86 87 16 47 50 84 6  24 9  64 92 31 5  57 92
94 12 59 69 14 16 43 10 32 65 57 52 41 22 85 17 88 49 1  56 89 6  30 94 26 49 1  67 22 53 2  1  78 57 74 90 18 8  4  24 11 4 
27 91 69 21 73 43 91 50 18 61 89 62 52 68 10 50 84 77 11 10 35 36 17 81 69 60 30 9  86 74 2  60 50 67 0  41 92 87 16 65 49 82 2 
73 61 70 10 85 7  2  64 53 62 56 25 7  91 80 79 97 9  46 14 23 64 68 71 31 15 53 65 63 94 96 99 60 2  47 56 93 26 12 16 77 32 56 69
84 5  80 56 84 66 56 26 37 97 97 2  25 65 93 81 29 93 80 80 59 76 97 4  27 53 15 87 49 88 55 37 66 81 34 85 8  35 47 32 65 64 96 48 74
55 37 24 12 31 47 46 46 5  91 79 72 98 59 52 36 31 83 79 1  17 94 25 5  50 52 29 66 23 53 28 36 81 30 64 66 27 77 50 86 28 17 16 70 48 64
5  56 98 50 18 49 0  77 35 66 34 90 75 60 66 51 83 70 14 89 61 92 51 53 83 28 41 69 98 85 89 14 74 19 57 24 2  88 22 90 30 99 64 70 92 30 55
15 13 62 20 36 73 23 15 79 63 18 76 53 20 70 90 94 19 25 85 0  54 1  26 49 59 87 50 83 69 52 16 54 53 89 3  66 78 83 84 29 31 50 34 84 96 63 96
12 23 86 64 96 4  33 88 14 30 75 46 3  92 33 35 38 14 61 8  48 95 74 86 74 33 36 94 44 83 72 79 11 69 18 11 16 81 73 31 0  73 39 43 22 50 14 1  69
49 14 62 90 84 89 49 39 25 16 11 49 17 26 95 10 9  64 4  21 27 20 44 77 75 78 58 14 31 75 24 47 21 61 24 58 66 97 30 36 10 45 87 59 14 31 26 72 86 41
84 73 34 60 64 22 70 36 65 92 67 2  36 2  73 25 56 87 30 73 47 22 67 82 74 41 59 6  31 9  95 41 32 41 6  79 32 97 86 95 58 64 52 86 26 3  50 8  54 10 62
27 54 12 57 2  12 83 61 52 9  26 45 78 7  35 44 65 95 31 14 41 19 4  30 62 12 52 89 19 42 5  64 61 3  34 88 22 23 4  2  51 7  88 94 34 28 34 20 27 68 2  65
50 59 70 40 98 20 35 61 38 70 12 3  4  51 88 2  78 51 45 22 41 98 41 75 66 29 59 41 1  93 22 91 49 53 51 83 97 81 81 38 88 78 72 99 96 95 48 74 83 60 84 81 65
97 86 28 55 3  85 86 40 28 82 3  53 54 88 58 16 73 35 12 29 2  75 91 36 74 90 56 35 60 65 88 45 63 78 20 62 95 96 17 81 44 21 40 28 38 51 95 41 75 23 32 48 7  55
30 46 45 10 90 25 55 58 85 41 34 23 98 36 67 21 24 11 10 96 54 50 86 46 34 65 72 92 44 2  42 81 30 98 62 10 21 70 54 68 85 46 81 34 96 48 84 72 53 48 64 86 75 9  2 
91 98 65 39 14 93 3  10 2  79 7  89 17 94 29 68 27 89 6  72 73 10 30 49 66 7  45 61 38 15 78 54 54 73 37 64 40 72 62 65 36 48 48 39 53 29 89 3  34 38 81 42 75 49 86 70
23 96 54 26 52 91 32 6  55 41 40 49 38 4  48 96 37 46 35 61 97 37 8  15 59 20 84 84 76 89 82 8  75 24 96 64 97 67 54 0  98 74 41 22 79 95 6  16 93 82 68 67 69 37 18 35 74
42 77 49 28 73 32 69 43 55 75 67 30 71 18 19 84 74 24 56 81 45 84 69 11 81 1  91 94 62 83 69 23 46 54 80 58 88 47 73 75 59 87 40 87 64 83 70 49 3  79 46 59 92 51 36 49 37 96
11 8  90 8  68 27 72 34 76 29 8  48 93 23 1  32 96 99 34 99 32 72 97 7  33 76 2  12 87 68 29 31 97 23 37 29 59 88 36 33 17 83 14 18 73 84 91 76 32 82 45 35 84 71 43 83 14 68 91
49 66 31 76 70 11 84 83 2  90 48 45 31 4  27 50 53 48 26 82 75 96 68 22 73 12 72 86 69 86 12 44 74 29 41 59 25 76 26 9  73 61 90 54 77 75 61 7  77 46 37 46 73 9  86 26 2  28 66 46
90 55 46 64 62 12 51 71 24 47 31 10 46 79 58 12 47 91 95 75 5  24 65 86 9  47 29 32 57 59 44 51 80 80 64 92 80 95 7  85 39 34 88 65 0  30 99 16 42 9  98 70 67 5  37 13 76 83 8  30 6 
31 23 29 62 80 42 16 29 47 99 49 10 1  77 85 32 97 5  59 22 94 0  55 97 35 42 38 31 63 4  90 37 78 98 34 17 45 12 17 46 18 62 22 12 3  69 60 84 65 93 88 3  78 87 54 52 53 58 40 61 0  0 
91 45 80 67 9  75 19 71 81 95 24 97 12 99 10 43 68 33 48 86 36 86 57 86 95 21 38 38 49 60 13 63 76 36 14 48 32 39 48 55 82 97 80 95 95 7  10 56 16 26 38 98 60 59 33 78 23 67 43 95 94 27 95
0  96 54 36 10 94 15 7  98 52 78 39 63 44 55 91 19 46 8  76 86 33 20 50 12 12 94 54 39 32 28 75 45 0  42 6  33 84 10 84 81 83 80 9  44 88 83 36 71 93 0  61 54 46 33 43 32 86 25 99 28 57 78 69
65 17 83 59 83 42 88 30 60 46 15 71 3  77 8  37 93 41 54 58 84 73 24 30 20 34 81 42 0  81 89 60 38 18 84 42 71 68 15 46 89 6  64 72 84 58 35 68 51 69 76 42 21 31 89 37 3  23 15 79 49 16 66 13 49
74 59 80 57 45 63 5  36 39 40 92 6  57 40 46 19 52 12 99 83 22 84 60 22 84 15 70 41 60 45 88 39 18 47 81 96 52 46 24 59 44 55 2  13 44 89 35 98 89 14 85 10 22 79 62 61 14 97 17 27 44 66 92 95 48 96
43 54 98 28 31 16 22 54 53 44 26 74 71 15 28 97 53 33 2  82 5  10 92 51 26 11 83 98 90 54 73 17 10 16 87 24 11 65 24 61 36 19 10 94 48 82 82 83 26 33 84 96 43 42 3  83 32 39 14 92 87 94 40 32 3  16 87
21 4  13 49 40 0  62 55 90 37 8  37 30 10 11 31 60 98 57 73 86 58 51 55 34 70 22 70 76 88 30 25 91 75 91 75 33 43 70 47 32 85 36 94 35 76 7  83 10 31 92 90 46 4  56 91 88 79 97 8  11 87 49 56 59 59 87 19
32 65 55 28 56 95 96 47 42 27 28 22 90 87 44 7  39 97 85 6  7  52 3  8  36 91 8  91 83 47 73 91 87 40 27 18 21 1  78 83 57 3  58 67 51 85 12 35 97 15 27 1  21 61 19 24 55 32 85 18 87 23 27 2  96 84 55 27 43
12 57 12 79 74 32 83 15 4  8  43 17 98 48 7  88 14 37 21 12 37 42 78 35 19 41 27 64 84 38 29 54 64 16 15 33 73 79 9  54 9  13 68 97 64 24 52 0  20 34 72 35 1  19 62 40 49 42 89 99 13 27 2  89 86 34 11 71 97 75
10 28 63 51 62 72 83 73 77 90 73 65 47 48 85 70 98 90 76 9  88 49 47 53 99 0  70 40 31 87 70 74 73 43 39 38 52 82 57 65 23 94 56 45 28 6  68 32 40 52 41 78 7  94 97 19 61 92 21 34 21 58 52 71 28 66 40 62 33 22 17
54 49 0  30 46 60 96 73 37 74 42 92 85 73 70 48 41 84 51 24 25 44 15 95 80 73 72 84 60 6  96 92 37 8  49 30 18 92 60 65 15 69 77 37 57 8  66 28 50 52 49 99 62 60 80 65 33 39 79 48 64 33 84 71 60 14 1  37 59 82 45 60
48 40 56 7  18 57 27 15 39 8  84 83 59 91 20 66 24 66 29 57 65 30 74 49 90 52 91 61 65 84 69 21 38 12 37 27 72 57 59 97 39 49 23 67 66 66 64 12 47 82 3  73 36 90 39 84 90 0  43 54 29 0  44 17 48 32 82 12 34 44 15 74 31
88 52 33 1  53 95 18 31 35 86 9  77 29 83 74 27 94 93 43 45 7  82 65 97 4  69 7  81 62 23 12 55 10 83 42 9  92 30 46 9  5  78 93 49 65 60 7  87 36 69 66 59 11 30 3  97 23 89 34 71 45 46 94 87 28 34 59 57 32 48 21 15 81 78
51 77 87 20 88 9  43 16 30 17 90 64 82 33 41 63 54 47 47 86 71 93 0  28 43 53 66 2  85 21 43 70 72 23 31 36 93 0  80 67 2  71 89 89 42 90 20 72 99 7  78 29 24 32 26 15 69 74 79 59 79 61 34 82 26 72 13 84 36 18 78 53 95 52 80
6  52 32 66 82 73 6  28 17 79 26 57 26 69 20 2  22 2  83 78 33 80 11 52 81 67 12 53 88 2  69 84 60 55 88 60 20 97 61 21 44 94 95 33 64 75 45 98 51 35 44 44 99 87 76 21 6  44 66 11 15 36 99 5  93 71 51 51 9  22 99 77 42 37 8  94
14 35 24 73 2  94 5  68 61 81 18 58 10 51 42 50 10 84 56 62 51 46 64 92 61 51 12 68 21 5  92 79 22 52 14 12 87 63 56 21 18 58 75 35 37 39 63 24 19 30 49 43 92 18 52 97 66 6  54 42 35 19 5  71 55 87 60 70 67 23 90 32 79 28 81 78 82
60 13 32 34 22 82 35 27 57 97 47 65 91 39 52 66 63 57 51 65 8  12 0  28 67 32 40 35 90 62 68 15 44 76 28 29 70 37 79 70 32 19 31 77 96 72 83 82 30 79 27 99 6  11 20 19 80 86 66 77 57 16 13 65 83 46 8  39 40 64 3  92 95 24 44 14 95 43
0  88 85 1  46 41 36 4  35 43 51 78 72 33 77 64 53 0  24 34 8  6  55 52 5  38 25 51 15 12 84 79 19 8  79 67 4  48 76 96 20 31 59 59 77 89 92 78 23 66 46 53 70 52 55 89 32 12 27 46 38 97 84 28 73 51 19 10 25 65 42 54 57 4  97 31 85 22 68
88 1  76 32 1  8  22 36 3  64 61 36 48 33 81 7  95 28 65 10 69 12 38 69 34 66 99 35 31 6  62 30 85 14 91 32 53 89 99 59 89 80 51 16 69 81 7  21 99 64 21 0  97 45 13 70 66 18 20 72 47 48 81 6  91 31 4  23 62 90 47 78 34 21 28 58 68 35 39 38
98 81 78 10 34 82 29 12 10 22 42 23 17 48 83 50 94 4  46 76 69 90 54 35 36 49 50 32 11 10 1  5  30 68 40 63 79 14 21 97 2  96 2  83 11 97 23 4  8  79 49 53 99 64 32 51 8  24 23 39 90 94 13 66 93 52 81 13 60 31 53 79 14 33 91 0  16 45 48 14 3 
56 18 85 61 3  97 38 20 65 91 51 26 12 60 98 96 58 2  27 27 1  93 98 92 69 95 50 66 34 90 27 31 78 59 63 54 11 65 76 74 77 12 77 27 7  24 41 1  44 5  49 48 62 42 87 95 81 57 33 86 95 90 30 88 61 14 40 75 99 17 0  6  13 19 38 40 11 90 88 46 37 87
86 85 45 67 9  10 80 3  36 5  79 67 1  14 36 38 21 74 37 99 73 78 55 4  59 73 18 73 54 84 19 17 75 27 10 83 23 98 29 81 41 74 8  29 38 45 63 72 70 70 27 99 87 24 99 91 87 46 55 54 29 73 30 65 84 88 36 27 99 37 13 71 81 65 19 98 49 8  27 11 45 90 4 
26 65 22 66 45 48 86 93 68 54 7  24 59 4  55 88 50 43 40 94 57 6  28 14 58 69 55 32 38 57 71 4  23 92 82 88 15 54 69 26 25 88 80 28 62 21 60 33 72 45 1  45 24 97 66 71 41 74 27 75 40 18 83 2  33 59 85 49 2  84 44 3  6  53 45 38 98 78 99 88 66 78 31 71
91 93 61 64 89 62 68 0  42 88 50 25 45 18 61 91 21 83 37 6  70 69 81 5  20 42 84 71 75 38 67 80 46 23 62 50 24 34 42 12 13 96 31 34 72 50 7  97 25 23 42 30 79 7  30 94 8  77 58 5  32 76 31 80 20 69 63 13 31 85 21 97 22 57 21 97 24 80 49 60 12 44 47 10 29
3  46 46 53 87 34 54 64 59 85 26 74 41 19 83 97 50 90 0  13 87 22 63 98 39 47 17 25 65 96 43 82 83 10 61 46 8  18 97 88 12 51 83 3  3  93 49 88 97 41 61 47 84 4  13 67 36 22 68 97 23 54 74 16 26 5  34 59 23 38 47 86 50 6  76 94 52 58 17 42 11 45 31 45 41 33
14 5  44 56 70 83 3  96 42 43 58 54 34 6  17 94 32 89 92 31 0  69 91 68 51 42 41 43 95 32 15 13 37 22 52 40 41 85 11 20 65 97 49 61 92 81 36 54 86 76 45 77 99 53 97 66 97 61 70 22 58 7  6  61 98 84 75 51 75 73 44 43 38 97 34 49 97 28 69 70 58 27 64 32 85 17 84
21 82 93 74 55 32 9  21 27 54 83 16 26 42 81 31 63 8  87 91 17 49 47 19 62 87 29 61 59 41 58 92 68 3  80 57 8  45 93 95 64 40 52 48 25 33 29 94 4  58 2  36 93 84 81 70 2  79 41 26 82 94 7  90 80 46 54 38 41 44 28 0  88 17 33 47 62 20 93 44 29 26 40 22 75 48 74 57
75 48 97 99 63 13 99 38 28 19 89 39 28 9  62 72 13 31 33 38 59 59 46 5  98 49 89 71 1  95 14 85 46 99 25 55 82 84 24 75 87 67 69 58 30 11 86 7  36 58 40 13 64 85 2  39 31 91 62 55 53 89 17 17 93 72 1  37 45 15 17 2  46 22 81 5  82 24 5  93 5  26 51 66 58 7  54 96 17
59 65 85 52 65 73 5  94 38 1  94 90 89 31 39 69 80 63 59 10 9  62 83 52 39 80 24 46 60 62 29 88 95 95 12 35 91 25 39 38 87 4  80 21 29 92 38 20 45 94 34 54 91 62 54 72 30 49 78 85 8  52 91 79 18 25 50 87 21 87 84 62 35 93 5  42 45 58 82 41 86 93 85 66 88 57 33 25 8  26
77 79 74 35 6  17 21 72 91 80 97 15 16 50 11 94 22 28 31 44 24 51 79 58 9  64 42 15 90 80 93 63 92 87 84 80 79 92 51 88 45 88 83 61 70 49 41 72 19 42 40 49 14 80 14 31 56 0  33 49 15 20 79 77 51 87 36 49 46 11 5  44 20 72 31 21 94 25 1  18 9  9  20 93 62 2  90 74 20 3  7 
17 10 73 80 68 19 20 4  21 84 25 52 19 26 34 84 75 2  27 99 74 86 88 49 95 86 9  53 97 87 49 84 92 72 7  98 38 19 53 95 83 87 78 20 84 23 67 21 26 38 38 47 83 36 98 69 14 71 70 26 16 80 52 9  39 0  18 91 1  18 87 79 74 73 53 5  6  40 70 38 33 71 85 99 24 15 65 18 98 54 51 37
15 47 47 13 72 28 45 10 25 54 34 22 58 5  78 12 72 19 92 59 26 89 62 17 1  3  32 3  51 60 89 0  0  50 79 53 58 54 99 56 39 15 49 26 88 31 50 13 73 29 83 68 75 54 92 32 57 14 64 15 25 63 38 80 38 88 56 12 46 4  10 11 42 9  58 36 4  32 15 11 86 51 65 66 37 73 88 49 73 63 36 33 51
62 20 78 85 73 34 42 8  89 7  26 51 3  93 70 3  27 75 38 35 47 21 56 27 29 82 6  58 97 55 69 13 95 47 11 49 39 26 21 45 40 65 11 41 84 34 18 6  80 80 54 55 76 19 17 45 78 62 54 78 34 31 27 0  37 88 54 77 15 6  97 12 14 40 4  72 87 79 39 8  45 54 43 13 37 53 93 39 14 85 39 91 82 10
7  63 81 29 47 59 70 96 23 54 38 55 90 58 95 61 30 93 22 72 10 17 25 73 23 47 7  39 38 4  44 66 5  5  60 31 61 28 74 76 94 14 14 9  35 76 38 19 13 20 44 57 36 10 92 95 50 97 28 56 61 42 20 86 72 89 51 64 78 43 16 0  16 86 85 15 9  31 66 66 19 61 77 79 84 60 33 74 82 69 78 33 25 95 25
41 54 75 18 20 85 57 2  68 42 16 76 94 35 20 88 50 55 25 38 1  42 27 24 7  34 17 49 7  70 34 17 32 5  58 31 52 80 2  2  83 53 5  6  42 96 0  14 19 95 86 60 72 83 4  21 26 76 84 1  95 81 82 62 68 6  25 30 86 87 48 88 19 34 17 9  75 19 44 81 33 85 30 14 1  62 12 18 61 32 44 92 34 21 50 9 
10 24 86 39 49 54 5  89 18 75 56 66 32 95 3  81 14 53 82 28 18 96 98 60 70 81 38 1  90 83 76 51 7  46 85 15 3  68 2  68 17 32 11 42 86 41 59 41 90 84 40 48 8  33 3  82 35 84 86 39 39 94 40 91 42 74 77 89 6  16 83 68 45 70 27 95 22 65 34 10 53 35 81 21 96 25 52 79 47 17 70 83 35 31 47 7  19
