78
16
76 8 
80 23 73
66 5  29 74
50 76 48 77 5 
92 93 89 33 60 77
91 63 23 58 65 42 78
30 45 55 36 84 14 11 27
82 69 96 12 14 19 25 84 86
26 48 45 89 99 99 95 15 41 41
51 36 97 87 17 24 35 83 90 68 14
63 6  21 72 15 96 75 25 49 45 64 64
40 55 8  6  37 85 58 89 2  3  70 87 38
68 69 64 5  75 2  32 12 86 89 39 23 48 10
91 44 7  2  28 1  6  26 48 37 51 98 58 38 19
15 62 98 20 90 61 17 88 36 91 36 40 22 85 94 20
7  65 86 68 56 41 91 65 69 69 6  58 66 91 30 74 80
61 31 88 30 89 33 92 12 42 28 5  18 16 32 68 58 63 29
1  73 32 94 77 13 98 83 6  33 33 51 41 45 64 39 50 25 42
83 30 37 79 22 29 46 95 52 97 68 23 66 1  93 4  81 94 90 91
52 78 12 9  28 6  81 62 57 74 87 58 93 93 64 50 90 9  39 20 86
17 7  78 71 7  39 50 31 73 0  87 29 3  97 32 96 36 53 43 85 2  89
42 17 5  76 50 53 6  48 39 73 0  68 3  26 94 61 41 43 98 32 71 90 82
14 23 39 46 98 82 38 65 99 39 17 62 98 94 25 24 51 49 6  39 3  13 22 86
84 45 62 77 26 64 96 43 9  6  45 21 9  39 34 93 65 16 86 91 2  4  88 31 52
30 42 63 2  29 94 78 26 84 54 77 25 8  96 2  12 16 96 36 80 49 0  35 64 57 59
0  52 87 89 53 14 79 76 74 46 40 4  76 37 88 18 62 32 68 53 67 81 5  74 66 29 61
12 20 58 74 22 84 91 52 2  37 3  59 43 45 43 94 39 8  39 38 48 45 80 45 55 68 36 39
55 2  77 75 91 80 93 98 28 44 22 74 15 84 14 70 1  98 56 48 70 13 86 71 96 98 0  17 32
5  77 43 2  12 46 52 84 79 12 33 94 89 6  73 7  37 60 28 96 90 12 83 33 87 5  60 35 44 90
39 27 86 44 53 25 74 43 94 59 66 26 51 75 43 51 88 92 34 60 92 56 34 82 39 25 52 67 19 76 92
40 45 6  25 19 14 31 17 22 81 64 4  3  84 86 91 28 60 43 47 40 77 18 22 49 27 33 69 71 19 52 8 
70 50 65 66 4  11 18 39 41 77 7  98 39 51 83 83 70 67 14 77 96 31 47 74 20 83 27 30 8  59 30 82 92
95 30 58 80 52 62 96 86 79 20 38 49 91 5  19 82 25 43 55 57 73 89 4  97 95 82 15 64 74 12 96 39 92 81
36 35 46 1  46 57 81 30 10 38 95 12 64 15 5  82 72 44 99 25 93 30 63 29 26 39 17 10 67 17 64 13 90 30 3 
98 12 54 67 82 1  94 82 27 0  86 14 3  87 15 91 64 38 54 91 40 28 64 8  92 47 66 8  15 9  64 68 3  38 67 96
68 94 37 41 35 32 37 1  17 91 46 49 5  34 41 78 28 1  41 69 91 89 74 70 21 27 9  92 9  90 98 73 41 91 90 29 46
43 26 59 82 68 16 7  74 50 12 45 60 37 17 6  15 64 10 57 30 93 61 27 47 40 3  32 23 45 67 42 61 46 19 81 78 25 61
58 54 82 41 79 22 38 80 12 0  35 70 27 29 88 20 74 84 70 17 42 58 95 52 90 12 45 24 76 31 38 6  98 23 37 99 53 6  97
88 90 5  36 41 43 92 64 44 2  4  37 40 2  89 39 6  11 59 90 52 50 50 31 10 22 72 82 92 33 58 90 55 52 43 13 9  34 24 65
68 76 42 46 68 33 4  37 64 86 47 18 16 21 57 41 36 21 32 74 46 96 40 18 49 75 43 29 81 61 4  21 56 83 80 6  51 73 71 33 15
28 95 56 69 36 88 86 57 75 80 69 53 17 31 42 79 92 11 96 99 5  48 36 6  36 4  8  60 76 14 90 45 40 11 35 7  5  78 81 11 33 1 
79 24 82 42 20 18 61 62 2  92 44 74 42 43 0  94 26 25 24 42 66 80 35 18 88 48 49 45 21 61 40 47 24 30 22 22 27 24 22 65 41 27 97
79 86 18 43 74 97 91 30 35 45 17 30 17 42 33 59 50 19 15 34 8  58 40 78 89 59 46 22 95 52 56 36 27 61 3  18 6  32 74 39 77 24 83 92
77 88 37 2  21 4  80 80 8  37 37 66 95 19 65 80 37 49 36 94 33 83 31 49 0  61 76 97 50 43 36 92 17 55 56 25 4  8  68 61 87 49 28 72 87
71 46 52 12 7  64 62 47 44 97 0  94 99 90 68 69 19 76 43 41 0  19 43 6  35 98 98 72 37 47 38 18 40 5  56 92 17 43 68 44 85 42 49 21 25 83
33 15 8  78 76 55 98 52 8  8  94 73 64 10 70 87 13 43 19 26 59 89 62 79 46 6  23 53 34 92 50 84 88 8  9  12 84 69 27 82 62 5  52 74 4  90 13
40 68 45 65 11 9  84 60 28 1  93 70 31 24 81 40 78 81 82 77 1  18 46 0  75 24 7  56 46 14 48 7  71 14 58 90 76 64 41 41 27 24 22 19 47 29 99 71
98 13 40 68 88 49 71 82 5  0  35 81 7  53 9  28 12 84 13 22 77 8  85 31 57 76 20 8  52 62 94 15 96 47 85 52 70 54 92 59 44 1  72 47 24 67 65 43 11
43 75 66 50 17 99 9  31 9  24 15 9  95 69 49 26 59 20 44 98 50 72 87 44 33 27 36 95 53 65 66 7  6  82 74 65 61 7  36 81 93 18 67 26 73 10 57 96 25 1 
14 89 24 81 24 54 16 92 11 76 38 77 53 97 29 51 96 26 28 36 44 40 54 96 39 23 60 26 47 70 52 99 93 83 35 32 60 74 64 43 12 95 40 55 39 56 14 60 63 58 71
9  62 74 24 3  73 2  9  79 75 56 7  45 94 34 87 5  2  82 67 56 32 78 57 54 47 86 12 49 61 19 35 24 87 58 72 98 86 48 51 93 9  67 45 15 41 81 52 51 47 72 85
65 98 58 92 24 37 55 81 6  70 26 43 75 31 30 38 32 53 88 79 36 1  20 43 48 71 63 26 63 0  10 40 20 58 65 34 31 74 65 44 42 83 57 59 42 84 16 32 85 25 41 19 90
75 8  5  93 89 69 61 54 27 56 34 41 89 60 68 21 16 81 42 49 13 82 65 64 11 35 63 13 33 10 23 35 63 98 58 57 12 7  51 39 14 14 60 66 62 49 35 25 55 63 95 35 73 65
92 76 13 57 56 72 41 41 98 39 24 15 28 48 49 64 59 39 10 14 93 93 73 4  2  51 45 70 75 90 99 63 93 75 96 44 12 46 43 71 37 16 44 92 35 72 73 30 18 91 68 66 9  79 90
12 20 33 74 54 83 25 2  49 49 12 19 83 36 31 13 11 25 64 98 25 55 60 45 0  21 83 25 44 24 44 24 10 57 98 91 72 59 40 58 95 67 72 0  20 13 9  64 39 91 98 92 8  84 99 71
42 26 89 29 20 9  42 84 85 38 2  79 91 39 39 83 27 54 64 81 39 15 17 50 4  74 14 4  11 98 74 16 9  96 54 31 44 42 86 12 60 8  11 7  89 36 16 19 92 55 58 23 2  84 65 66 49
65 54 14 24 49 39 89 49 75 55 52 4  63 75 77 13 16 37 13 23 9  95 3  39 3  85 43 65 11 97 76 55 18 31 12 35 54 69 82 93 67 52 18 56 58 80 78 91 1  22 90 54 56 54 72 42 49 86
72 90 92 74 37 29 17 31 81 27 63 82 66 89 81 38 56 67 51 24 19 93 41 78 27 21 85 15 37 85 69 41 74 85 65 31 20 89 15 88 87 31 99 77 38 6  65 20 76 54 21 27 14 88 50 77 63 80 78
34 17 86 60 53 44 62 55 86 56 81 24 25 90 86 51 20 92 69 27 90 28 70 93 38 97 60 26 7  96 86 65 67 40 84 63 87 93 43 34 0  80 49 16 9  61 10 85 43 99 53 80 87 2  33 44 3  35 67 16
6  88 69 91 59 65 18 82 82 67 21 22 81 72 65 71 28 74 17 0  30 29 29 51 32 75 2  41 44 69 38 93 52 39 17 80 80 23 82 37 77 78 11 48 82 16 79 69 44 92 31 19 61 83 64 58 19 28 46 38 39
18 60 31 20 40 48 4  94 16 7  64 86 81 86 72 85 26 28 26 72 81 65 35 41 38 59 38 66 66 1  53 26 72 19 0  40 61 9  51 86 31 43 77 40 30 76 38 41 97 34 91 88 31 15 42 55 91 55 26 80 84 69
55 92 84 77 59 38 70 45 88 45 22 40 34 70 75 7  9  59 72 94 73 44 97 39 36 16 54 83 83 9  59 67 84 86 99 12 4  64 52 7  12 94 50 92 82 64 70 96 24 63 15 27 95 89 22 77 93 73 90 9  67 34 7 
45 98 11 6  92 72 37 67 61 52 9  23 25 61 54 9  55 32 59 85 40 33 64 14 40 95 36 45 79 12 1  28 36 15 87 46 27 81 54 6  32 36 57 44 73 94 60 76 33 45 83 11 52 13 52 86 30 47 43 80 19 58 87 62
25 91 20 28 75 40 76 24 63 49 75 36 23 27 90 85 32 19 31 12 98 18 74 62 81 31 0  4  55 76 0  97 81 84 96 74 0  27 41 15 63 21 97 62 55 47 30 63 56 99 50 25 36 12 16 1  7  87 60 59 55 75 52 72 15
28 37 30 54 89 67 99 92 98 19 77 11 86 15 98 23 92 63 99 30 38 39 20 86 64 93 43 20 17 58 54 40 93 65 72 67 3  69 69 62 38 33 71 25 21 91 75 80 34 87 91 39 47 73 18 12 75 54 65 73 2  9  10 58 33 56
62 12 34 58 73 20 59 2  68 36 63 47 96 1  50 94 27 50 96 55 63 48 81 34 15 4  75 34 34 25 0  73 33 22 65 11 19 64 51 38 57 33 98 67 42 16 73 83 51 40 28 18 29 73 72 60 51 54 26 26 67 97 69 87 35 44 67
14 16 90 35 79 74 4  85 15 95 14 32 1  47 49 32 88 87 1  33 9  71 29 94 96 25 7  29 83 70 7  27 21 84 68 64 4  69 64 80 38 0  50 90 2  81 16 5  8  33 68 7  96 79 93 5  46 44 84 16 65 83 61 10 32 9  36 91
48 77 60 71 41 59 17 12 65 34 65 7  17 41 99 69 56 45 52 37 7  32 66 44 68 83 36 28 61 39 66 11 96 64 81 16 69 81 24 73 48 72 60 24 10 99 57 24 12 63 26 96 77 65 48 92 34 54 81 45 45 70 82 99 53 39 8  20 12
73 94 22 22 34 83 96 28 51 80 88 59 44 77 64 94 90 62 41 41 35 82 86 96 36 49 14 81 84 1  2  3  3  80 60 31 57 79 50 60 54 71 19 64 35 42 91 32 69 63 17 87 19 84 3  65 73 39 23 74 15 66 93 57 87 86 28 10 52 25
58 44 26 44 78 45 42 91 76 18 13 17 52 72 97 1  85 92 48 66 50 2  30 60 39 91 11 67 23 56 89 83 77 96 26 58 37 18 6  74 5  80 89 51 68 57 67 8  39 15 25 46 59 18 26 94 72 77 55 48 0  49 71 94 1  57 66 64 54 20 92
11 56 73 15 63 86 11 30 3  31 67 63 44 66 84 10 10 76 33 3  11 1  65 20 58 40 76 60 83 12 64 13 57 31 83 96 15 10 52 23 83 68 9  36 65 24 45 28 9  39 6  58 89 37 93 95 37 34 28 97 47 97 86 45 46 33 79 6  31 20 4  17
68 49 33 5  93 53 14 43 67 73 40 6  19 56 74 27 15 95 8  15 77 40 51 66 39 76 77 29 28 66 28 40 31 52 22 55 50 0  7  18 55 90 64 79 12 12 36 69 56 94 1  31 60 14 90 31 41 53 72 26 63 71 85 48 74 8  59 89 69 96 72 49 66
53 87 93 70 96 23 28 97 64 80 68 41 44 96 85 40 91 77 8  24 1  91 33 63 46 98 0  30 35 35 65 79 98 27 54 46 95 34 53 4  14 78 84 27 92 65 97 56 11 86 52 2  60 25 27 15 58 39 74 50 91 34 38 14 33 5  73 70 15 11 80 47 5  64
86 71 35 2  38 81 14 65 63 19 6  72 47 7  70 29 51 66 59 66 82 50 10 89 68 93 70 15 73 18 45 99 88 57 60 66 99 47 35 15 30 30 94 37 8  61 66 7  39 82 37 43 81 19 7  59 15 78 41 93 81 77 55 10 22 49 25 46 68 20 4  31 76 78 59
25 72 46 65 48 37 87 37 38 91 82 57 22 62 36 73 80 45 98 74 79 12 93 32 72 34 87 98 80 29 50 78 43 61 76 50 17 65 71 42 85 12 55 22 62 51 20 39 46 55 77 19 76 25 22 53 50 55 59 46 28 26 66 17 66 2  1  48 31 5  85 8  14 0  47 44
10 57 98 13 56 38 78 5  32 44 97 23 34 8  77 39 36 26 43 41 61 89 76 81 32 77 35 49 45 30 71 38 55 33 92 80 56 41 16 27 3  77 58 5  93 22 7  22 23 46 78 71 42 15 32 61 72 8  33 69 42 76 53 11 56 33 97 72 22 16 48 30 82 53 17 75 11
33 71 4  97 79 78 17 18 33 75 34 74 23 58 72 54 6  65 53 73 61 31 56 22 71 48 84 53 15 17 77 81 68 66 15 81 70 93 36 55 51 6  86 12 44 13 88 24 55 33 65 72 9  73 80 98 0  4  18 48 22 63 49 99 48 31 16 19 23 65 32 15 88 20 47 85 85 11
