67
1 
30 78
13 20 0 
60 0  91 42
73 97 29 85 36
94 55 84 17 77 92
72 8  3  51 38 81 42
63 73 10 63 72 76 1  76
54 40 19 91 1  75 62 5  50
72 76 39 99 58 51 47 17 18 61
89 63 45 22 64 13 62 20 19 31 9 
87 13 51 18 27 66 9  50 14 31 31 70
26 70 88 4  10 32 36 28 91 96 39 77 14
85 31 10 84 41 25 92 48 21 11 84 13 86 56
23 81 29 7  63 25 38 10 37 14 43 51 45 64 17
0  76 48 0  13 35 69 19 61 15 56 1  36 60 95 79
27 65 15 72 57 14 2  5  37 65 62 70 9  69 59 29 34
61 98 48 54 14 40 77 74 27 80 5  9  85 69 96 73 30 33
24 19 7  17 43 12 15 54 32 96 22 52 77 93 42 16 24 1  1 
27 15 25 24 9  24 85 54 48 66 75 82 33 22 21 69 57 1  66 69
31 82 81 86 49 5  23 77 13 15 18 4  88 45 64 76 31 6  0  78 19
5  42 24 27 72 60 46 12 76 85 99 60 52 20 2  57 4  23 19 13 98 32
95 65 38 32 24 76 9  20 31 87 33 38 74 91 73 78 65 0  88 77 30 71 37
94 27 65 30 70 8  58 67 61 99 46 94 7  15 83 62 23 16 76 76 47 56 41 0 
23 41 72 87 74 54 62 33 37 95 36 40 81 60 73 12 19 24 23 25 45 38 42 95 66
59 93 30 86 98 27 35 22 16 87 93 57 44 43 72 20 4  39 38 91 65 45 88 81 77 62
5  85 70 28 98 72 50 28 84 98 98 31 8  36 98 83 14 45 19 80 61 40 97 3  7  6  69
45 5  35 27 67 35 68 97 82 33 75 39 22 61 45 21 81 46 86 71 46 23 14 64 4  66 25 15
52 52 51 68 95 30 17 44 93 39 12 89 80 19 95 65 87 32 11 4  10 95 34 27 55 86 95 83 57
23 62 28 24 99 26 18 42 52 40 30 20 16 41 16 53 93 16 77 27 57 28 70 7  61 44 79 76 26 99
97 54 97 91 22 51 23 20 95 90 53 41 62 84 24 4  99 60 34 84 84 92 10 84 37 57 52 79 38 20 97
76 38 61 75 85 66 85 30 1  1  77 38 10 87 95 17 7  81 78 78 75 37 62 40 13 22 73 17 25 15 12 7 
55 89 16 53 89 76 64 22 16 53 92 68 44 55 47 41 91 26 12 69 70 59 69 86 72 62 58 91 31 79 72 34 26
40 50 97 6  70 53 14 34 11 62 5  58 62 72 46 8  47 34 68 39 74 21 86 65 37 74 30 4  51 47 92 15 83 77
97 43 57 46 79 35 41 93 76 2  25 81 80 76 77 65 90 34 54 83 49 17 28 92 4  40 10 16 76 65 71 43 66 86 24
11 7  39 6  40 48 76 43 20 78 6  67 78 53 88 75 33 77 15 58 86 31 68 82 86 49 79 34 27 10 49 70 97 3  96 80
11 60 78 59 12 65 33 45 99 98 21 85 99 56 46 34 35 93 41 22 11 45 60 48 98 85 3  69 49 87 14 83 19 99 34 52 85
32 49 49 47 0  47 5  4  79 27 73 54 75 44 99 76 42 25 96 5  78 62 79 48 49 96 54 7  37 36 47 97 54 89 10 19 74 90
10 18 0  3  61 32 48 13 66 63 55 80 71 89 94 8  18 23 72 83 84 36 49 83 75 13 29 38 34 78 3  53 87 15 41 98 83 72 36
93 41 17 11 76 8  46 97 9  79 98 33 76 79 37 67 70 11 16 28 97 86 42 86 21 16 49 30 40 57 38 67 7  68 15 25 60 4  0  31
33 98 91 46 79 7  76 7  63 13 53 98 53 63 90 77 22 22 98 94 46 59 43 77 6  24 13 78 15 76 16 53 28 5  88 73 91 27 86 74 71
51 28 32 89 83 51 90 90 9  64 14 35 65 66 23 29 30 56 33 9  70 50 29 20 25 4  38 7  1  44 19 13 98 10 1  4  2  68 41 52 59 12
87 8  93 51 16 97 81 15 24 76 11 45 1  70 48 69 80 4  17 4  75 94 69 13 37 8  96 10 35 94 55 92 39 34 14 20 35 79 6  97 40 80 10
67 29 74 1  23 73 5  33 82 95 47 48 54 56 33 99 3  88 74 36 20 91 12 32 90 78 66 40 43 93 0  40 20 66 42 35 93 96 88 15 69 66 31 5 
65 95 56 79 99 89 44 29 16 95 92 28 78 8  96 56 59 56 36 2  37 90 54 99 35 17 78 30 48 10 40 30 33 97 3  72 15 39 14 18 42 95 6  32 23
63 63 32 50 8  24 84 59 73 9  27 58 16 3  9  4  42 42 90 64 4  26 46 23 13 19 75 33 73 7  79 69 89 18 56 89 99 42 98 62 60 17 81 29 23 53
32 11 76 54 72 80 18 85 3  92 74 70 38 47 95 91 11 88 75 76 67 86 96 11 91 74 87 49 21 81 62 86 23 66 72 79 82 17 51 5  49 94 37 98 6  83 90
94 19 37 67 59 38 44 70 61 47 64 93 71 70 99 58 85 80 8  97 55 24 59 18 58 58 0  72 10 75 39 77 55 54 69 71 43 75 80 81 98 32 44 66 10 43 42 42
63 85 39 44 59 8  29 35 63 76 94 16 7  17 81 14 26 63 67 24 60 26 37 87 83 33 0  78 99 49 19 14 20 51 30 52 57 24 98 39 50 71 35 46 52 57 67 16 90
62 30 26 51 0  67 86 98 64 10 64 70 95 37 80 94 55 56 67 74 41 68 48 83 26 3  65 83 82 13 18 81 47 10 85 89 62 17 51 67 61 39 18 27 54 91 47 45 47 36
22 25 69 6  70 2  77 29 31 35 67 46 44 71 53 57 31 44 17 81 38 48 72 55 99 42 12 53 88 33 4  71 85 11 56 68 4  94 72 0  70 28 17 82 88 95 19 29 61 99 75
27 41 89 1  37 41 58 93 99 20 17 38 81 40 77 49 89 35 17 80 39 88 67 77 90 45 31 79 42 96 5  47 24 31 23 21 49 78 99 77 77 48 72 59 77 41 97 21 33 23 42 63
96 92 70 56 48 11 38 51 59 60 60 80 83 61 88 87 70 76 60 75 2  49 83 25 64 41 69 42 9  84 47 18 78 64 71 48 32 91 0  85 11 69 54 11 66 85 11 22 29 11 44 91 42
50 6  61 26 92 8  41 91 5  35 40 22 58 42 34 31 78 6  63 38 54 23 3  98 30 40 22 58 97 35 28 96 96 24 15 7  6  26 69 89 30 41 68 94 42 95 0  71 26 38 14 49 63 40
95 90 47 4  97 4  72 49 62 12 78 12 25 58 95 63 89 58 70 3  21 99 59 21 0  51 14 16 62 49 41 36 99 89 15 86 20 44 34 7  66 51 85 75 99 3  77 75 97 68 51 64 26 78 46
74 24 24 39 13 40 20 22 34 15 76 32 30 14 50 71 60 67 79 55 60 79 43 35 99 33 55 69 26 58 52 62 4  60 72 45 48 72 59 53 83 96 34 7  96 64 36 60 54 4  2  7  60 2  48 28
83 3  88 27 57 32 50 58 16 71 54 85 79 92 26 6  22 63 62 18 55 37 95 68 26 70 74 29 32 77 11 10 70 54 78 61 33 55 43 72 63 78 3  80 59 90 81 13 69 20 42 77 73 5  74 18 49
71 34 49 94 44 21 60 1  77 98 65 15 46 82 77 62 22 29 27 28 69 56 64 68 94 91 49 72 62 8  59 92 49 19 81 75 73 62 38 64 6  20 76 11 87 82 28 6  10 53 77 7  29 39 8  75 97 1 
27 38 83 10 22 66 66 2  56 56 63 65 95 37 6  68 83 76 28 20 19 59 54 23 26 2  99 17 22 57 41 77 96 60 2  1  10 23 83 3  89 28 72 61 9  22 80 56 45 57 7  22 40 29 32 38 50 96 79
64 39 49 99 11 30 20 3  39 6  90 30 43 7  74 71 64 39 11 73 66 73 0  29 81 94 25 26 70 86 13 58 8  76 53 0  57 42 45 43 10 40 60 75 24 45 30 91 59 66 11 92 76 4  31 94 81 74 30 44
88 95 79 5  56 78 71 35 46 47 36 65 46 31 63 39 54 22 8  38 85 2  76 64 46 90 66 72 49 93 67 45 61 45 91 62 67 30 96 3  13 94 98 30 60 74 67 56 29 36 73 39 77 18 76 33 60 47 15 27 87
39 67 76 50 45 80 63 77 3  89 96 72 75 70 60 84 42 19 47 89 67 35 40 64 30 26 29 60 18 72 6  44 11 82 95 74 68 69 97 47 70 21 90 74 45 81 41 18 7  8  50 14 50 47 44 24 82 14 2  42 17 99
53 24 70 6  25 54 10 33 4  26 50 15 27 1  85 18 46 39 99 98 44 92 36 57 3  73 22 34 6  34 95 24 63 94 47 85 20 81 37 89 42 95 13 45 80 32 68 39 3  17 95 23 3  2  66 68 37 17 63 9  12 15 49
95 61 70 69 50 90 40 44 76 26 12 83 67 40 18 14 97 69 78 39 40 73 81 60 84 94 21 73 55 66 84 42 86 81 78 95 81 47 37 29 72 49 45 69 76 7  50 86 10 52 30 3  16 8  4  45 34 15 91 30 77 36 0  48
73 6  32 11 46 15 74 99 13 0  37 11 2  67 38 4  50 71 74 18 4  39 58 89 1  76 4  64 65 47 2  9  89 54 3  62 59 17 13 71 53 94 6  60 57 52 44 56 65 77 88 99 47 0  25 9  73 30 71 32 95 87 76 87 62
12 18 84 0  90 19 79 31 68 87 14 55 97 63 58 97 39 27 88 80 89 39 44 4  3  10 15 56 66 18 36 27 2  15 73 4  83 37 88 4  53 91 69 95 94 52 36 21 60 39 76 2  96 56 37 39 25 9  53 15 89 13 74 61 49 31
83 33 98 95 9  72 17 68 80 74 94 4  90 35 15 49 76 12 93 60 88 19 41 22 39 79 26 96 24 91 70 3  27 87 67 90 89 33 69 46 71 49 68 37 28 53 68 71 60 77 22 19 80 15 97 30 8  57 26 61 19 79 13 62 95 76 17
