94
30
48 16
72 75 13
12 14 58 74
86 13 41 14 79
49 87 31 85 58 48
4  24 79 97 46 94 62
6  63 66 70 57 80 77 96
76 22 11 74 79 47 4  93 53
92 5  43 56 74 47 49 50 51 53
57 50 26 0  52 66 3  88 44 72 85
62 23 77 78 9  52 64 32 25 95 1  33
61 27 38 22 54 94 45 23 89 61 8  30 1 
70 85 4  39 38 92 21 12 86 29 59 20 6  22
76 88 52 78 91 50 0  2  94 97 22 96 14 62 46
24 38 77 33 52 79 25 70 86 10 37 94 15 73 91 18
96 62 38 59 49 8  22 27 0  6  4  16 58 77 21 41 73
1  24 92 47 85 72 23 58 78 76 23 42 48 67 46 20 66 31
57 61 37 12 19 86 77 86 12 68 51 40 55 15 93 93 59 54 31
21 65 35 51 93 3  30 34 24 54 91 98 63 16 16 88 3  2  63 97
0  19 14 28 53 64 15 92 80 38 28 41 26 44 94 34 60 64 24 61 93
43 66 56 32 85 56 86 33 96 9  35 67 21 48 43 37 99 58 52 67 94 28
92 66 20 30 65 55 35 24 21 31 64 93 78 62 2  67 8  71 72 47 25 14 51
82 52 81 9  92 43 50 57 50 12 44 68 3  37 69 56 90 72 61 39 67 11 91 69
57 3  90 94 12 24 33 57 85 97 69 15 98 70 70 76 1  85 27 41 14 44 7  63 54
86 32 3  36 66 12 22 59 41 31 49 58 46 42 13 90 72 25 30 25 36 64 71 7  65 93
63 92 56 72 73 34 90 84 91 72 98 99 49 7  26 6  12 92 10 5  40 64 63 14 8  39 82
87 60 30 53 46 22 75 0  6  2  16 2  95 72 59 79 50 48 60 11 42 86 2  56 61 99 62 47
34 77 0  63 48 48 31 26 96 97 87 99 41 90 89 47 29 8  15 37 93 22 72 7  4  92 73 45 42
34 28 16 75 43 62 9  70 28 32 59 38 32 58 97 61 90 55 96 41 94 41 60 52 82 34 39 26 81 80
40 37 81 4  10 41 18 1  27 50 81 96 39 18 61 32 63 63 45 39 44 17 96 85 4  1  68 78 33 85 78
19 84 70 56 29 99 68 43 65 90 58 73 21 28 13 53 65 13 34 20 94 63 92 26 96 53 57 24 48 79 7  36
24 19 71 34 87 21 91 52 51 6  12 39 41 28 35 62 87 95 98 56 57 84 43 44 0  76 2  59 82 85 91 30 62
3  81 76 3  94 99 19 35 84 81 57 0  71 7  13 4  50 56 72 16 74 60 77 95 40 0  46 58 38 90 39 66 27 24
49 84 78 18 93 14 58 29 34 74 67 44 52 47 44 22 91 43 43 87 32 90 55 41 64 22 10 32 80 69 94 44 78 40 94
9  51 54 30 58 33 68 64 34 14 37 65 76 24 67 69 18 78 97 20 84 70 25 16 12 12 53 35 15 30 2  81 15 73 45 98
72 58 10 23 42 72 96 63 63 8  77 47 3  5  31 72 19 75 30 81 81 75 67 99 42 9  93 28 36 95 37 93 91 63 19 36 70
61 23 52 56 4  30 36 20 14 38 60 5  28 81 26 75 80 57 84 33 72 46 17 63 71 90 63 69 97 53 11 68 51 45 60 37 24 81
89 68 99 17 17 44 61 5  79 55 80 33 16 71 91 22 26 90 27 11 92 2  49 29 51 29 58 50 84 96 69 80 39 80 55 55 69 11 65
22 92 1  65 8  24 76 40 21 31 99 9  24 11 69 0  43 71 14 39 79 96 88 48 83 62 55 79 14 60 76 69 69 13 40 74 58 0  22 48
54 50 97 41 85 28 11 43 33 81 30 17 80 56 31 77 10 82 21 19 90 95 70 58 14 9  29 56 22 70 31 10 62 59 6  85 74 97 32 91 15
74 49 60 12 97 32 62 11 30 74 95 24 80 34 28 40 26 37 25 74 38 21 22 78 1  79 30 23 47 64 32 69 61 66 33 75 38 29 86 26 27 13
50 76 48 17 0  86 79 79 93 81 0  98 82 14 25 10 54 58 53 39 5  94 46 18 5  8  25 48 63 94 79 57 20 18 11 62 78 20 94 53 3  43 98
2  75 39 99 30 91 41 73 88 1  46 74 99 79 25 50 88 68 70 65 72 6  49 75 80 73 46 32 20 60 35 22 51 64 26 39 54 69 26 79 30 70 0  45
76 25 12 86 96 52 7  36 71 50 67 70 21 94 44 83 10 47 36 90 47 54 77 67 74 6  17 24 7  87 39 38 43 20 99 26 64 82 29 86 10 3  98 63 87
61 28 4  42 33 68 37 44 36 67 27 10 64 52 81 21 70 0  40 11 3  85 65 14 73 77 77 90 13 86 72 66 47 51 65 80 95 73 32 8  33 40 16 76 18 87
16 2  89 62 90 67 20 66 47 37 66 74 71 26 59 76 97 14 17 33 72 36 91 51 47 31 45 99 9  67 91 74 48 42 22 60 94 44 82 18 17 52 20 37 6  76 21
93 43 39 58 0  60 81 65 24 69 52 49 20 80 22 20 17 78 43 26 25 48 23 42 4  5  83 28 55 28 42 58 81 28 66 70 55 65 88 24 33 28 95 52 73 50 5  51
33 48 8  98 4  89 38 38 4  19 66 96 55 63 24 23 63 80 81 96 81 4  44 16 91 85 91 52 5  33 47 7  13 16 22 32 28 7  89 72 67 43 19 6  97 4  32 40 79
79 90 56 94 14 49 25 51 13 65 76 32 68 85 7  41 34 60 89 95 54 20 88 24 62 57 46 86 55 83 83 18 90 51 66 67 18 62 46 23 44 35 35 35 88 7  84 35 0  11
85 0  4  1  71 74 78 87 79 31 2  7  84 22 44 14 54 53 42 17 19 6  93 35 47 81 5  18 69 85 5  49 25 98 77 90 56 89 8  23 98 14 80 37 18 88 40 3  12 96 75
58 46 11 49 77 25 36 76 48 76 9  38 70 24 31 34 82 47 11 99 85 26 31 42 11 63 6  48 28 50 62 41 71 73 30 96 93 69 88 0  61 51 43 38 43 12 8  3  48 72 40 4 
52 64 28 94 6  16 6  66 77 94 47 98 64 59 10 12 17 86 69 28 73 13 52 24 36 35 8  43 39 43 30 94 45 32 47 59 22 65 47 17 77 67 62 11 48 75 44 4  8  6  84 80 45
34 23 85 20 85 52 6  63 61 54 88 52 94 28 97 28 52 20 41 73 12 69 73 50 54 17 83 69 71 92 76 62 96 38 53 29 72 80 31 9  0  52 27 30 97 63 3  27 63 5  4  26 51 80
16 64 60 15 87 62 65 38 62 13 30 2  57 2  39 70 52 60 64 16 72 75 32 4  57 75 53 27 72 24 60 52 27 27 1  90 22 94 90 97 72 93 93 38 87 64 66 35 46 29 55 65 70 7  61
20 63 23 26 0  65 37 16 17 3  93 69 69 26 24 94 50 68 15 90 0  66 91 21 82 7  76 25 50 49 96 7  36 19 51 43 13 68 15 52 86 98 13 89 98 29 94 13 95 92 72 82 68 45 45 27
56 37 79 41 50 23 59 8  92 6  21 25 35 93 76 80 69 99 4  19 23 2  17 78 74 52 38 77 99 31 48 49 17 73 69 6  19 29 47 42 0  97 3  1  83 66 70 92 8  56 83 49 86 12 94 74 1 
10 78 56 6  73 46 0  58 81 92 93 85 90 31 26 41 22 66 98 43 37 67 11 81 39 67 11 80 37 93 93 56 84 95 45 10 41 48 21 24 9  50 58 24 16 7  4  43 73 97 22 9  59 68 48 61 63 73
86 23 23 85 55 15 40 69 21 98 91 79 64 3  38 47 77 78 10 56 87 0  7  58 38 45 4  5  21 65 75 38 24 57 90 23 79 2  50 69 34 37 29 48 68 69 30 68 8  5  47 42 10 42 26 83 91 63 95
83 3  79 36 9  65 3  97 54 24 53 28 69 27 37 72 94 30 84 29 31 23 15 38 5  90 36 2  50 31 32 31 50 0  11 13 88 43 51 96 69 81 26 42 5  89 7  85 99 41 11 83 90 31 50 56 82 81 36 50
13 43 13 56 57 55 4  23 78 43 45 47 17 54 32 13 31 50 59 16 20 28 86 88 86 55 86 92 74 1  89 65 71 67 49 92 68 50 57 83 35 3  56 31 55 27 19 56 41 88 40 20 17 90 46 83 5  69 56 62 36
90 92 51 39 12 22 10 86 66 36 19 20 77 69 28 98 31 51 31 76 0  21 50 47 54 1  69 48 73 26 39 33 30 16 35 30 68 73 81 32 2  85 8  12 44 17 94 8  5  80 54 42 12 0  10 12 44 71 51 20 30 68
78 77 8  44 10 17 51 73 42 89 31 51 68 62 10 82 38 83 86 42 28 86 25 76 3  23 60 33 47 45 53 27 10 25 34 55 4  3  77 19 36 47 12 20 32 87 21 8  0  26 69 79 22 43 89 44 9  80 35 84 24 62 33
86 55 41 17 0  51 79 84 1  2  24 64 30 68 10 29 82 61 73 39 50 15 73 15 44 30 94 99 40 9  20 37 8  71 9  18 70 62 80 56 63 55 36 22 67 31 1  73 29 80 13 49 75 52 36 30 94 61 19 73 64 2  51 89
33 4  3  99 14 97 51 32 90 60 24 50 42 48 61 11 24 59 12 7  92 95 92 5  5  74 32 24 90 87 84 43 95 80 57 12 12 16 11 27 13 90 66 70 12 43 31 99 67 69 60 77 67 12 96 69 32 44 85 91 35 74 0  40 24
59 17 80 16 0  71 10 7  86 17 5  9  86 19 75 4  24 24 78 11 66 31 0  84 4  89 49 27 41 17 29 78 50 99 84 50 34 8  78 80 11 59 66 53 35 13 74 98 29 31 99 24 93 57 39 24 4  26 81 9  87 33 16 32 24 67
39 27 55 76 90 64 38 73 36 57 31 76 18 40 98 15 99 86 45 65 92 63 43 11 61 9  31 11 55 71 21 46 93 72 88 23 16 9  58 74 98 42 39 67 87 30 65 87 23 22 7  65 36 80 28 8  43 55 10 78 10 10 84 22 0  16 65
41 69 36 51 24 80 38 27 14 42 0  52 4  67 44 49 70 1  27 41 92 36 86 55 57 52 53 33 71 3  66 32 48 46 83 39 49 80 64 7  83 91 25 5  0  89 11 51 99 4  83 99 34 8  7  42 90 1  31 99 12 34 55 73 41 95 80 39
52 14 88 83 4  8  21 94 70 87 21 97 65 92 80 25 15 31 98 7  15 4  96 1  87 73 53 16 0  44 20 10 77 0  21 82 15 51 6  84 59 94 80 55 91 19 37 75 47 4  37 13 39 56 72 74 78 2  88 92 72 54 18 60 33 25 99 5  63
30 52 64 50 50 23 26 0  89 84 60 20 46 86 0  12 65 40 42 90 0  82 49 10 77 71 18 19 1  65 37 77 86 12 35 6  56 7  64 80 64 8  64 73 87 70 17 6  28 7  52 5  75 79 87 1  69 96 80 41 5  81 70 6  71 93 58 72 33 99
26 72 77 97 39 3  19 13 90 8  67 87 2  40 99 84 71 89 99 86 0  28 81 67 91 75 59 90 0  29 41 51 84 5  53 71 1  9  19 37 15 59 49 94 86 73 67 63 52 95 41 51 65 10 47 51 4  14 45 0  14 65 13 58 60 74 84 95 24 27 82
9  10 76 73 74 1  99 84 1  45 33 71 71 12 96 70 46 57 89 70 11 61 64 14 43 44 2  6  28 28 45 43 29 27 70 74 78 49 45 86 24 91 58 75 32 9  3  76 57 66 13 31 38 81 55 77 20 27 77 75 28 57 28 80 89 56 75 78 68 7  63 55
18 54 34 11 25 0  26 79 79 51 9  51 20 87 2  14 67 52 85 5  2  75 74 68 12 91 14 28 60 65 30 56 27 33 95 53 59 37 90 22 36 55 33 82 12 45 50 29 56 34 98 3  18 59 14 31 25 1  27 70 48 38 18 72 96 29 6  19 40 4  48 5  32
94 13 12 54 50 86 52 33 59 41 77 27 65 41 91 36 34 22 87 27 19 60 16 49 82 30 49 90 87 51 70 57 82 80 67 2  85 32 78 2  37 37 25 18 19 53 41 8  18 54 89 78 41 1  31 17 33 27 41 48 61 56 19 46 91 22 48 14 98 70 7  68 91 51
46 64 73 46 23 0  49 72 49 17 83 7  45 75 64 19 42 45 95 35 14 38 22 86 80 80 32 26 87 40 52 26 19 16 19 12 61 3  69 9  30 40 8  53 65 44 73 21 22 71 10 79 45 90 87 7  75 8  57 10 27 37 16 90 95 99 89 93 11 45 12 54 32 57 82
81 92 34 30 9  7  75 5  39 82 37 81 77 10 73 82 30 1  51 61 91 67 97 85 18 69 82 30 68 45 50 64 54 44 93 19 31 64 92 74 7  24 37 44 43 38 93 88 57 84 5  38 91 44 4  52 5  73 13 43 13 20 85 76 48 85 26 18 0  1  21 40 92 14 5  80
11 50 86 2  3  28 41 1  78 93 4  56 53 75 73 84 74 42 39 51 28 75 53 34 83 22 21 19 26 47 55 37 76 3  74 20 17 9  6  77 88 39 56 12 20 13 23 43 23 79 85 70 97 18 18 76 77 25 0  64 53 71 44 37 95 27 67 71 57 62 78 98 13 12 18 6  95
39 78 59 38 66 79 54 22 51 19 43 42 88 95 18 74 34 91 19 28 15 91 32 68 64 73 53 18 27 16 15 18 65 73 78 57 16 11 34 14 84 46 59 15 33 87 43 0  91 37 64 88 86 12 30 62 91 65 98 75 54 3  62 25 97 93 97 94 53 28 18 83 29 28 7  73 72 5 
80 59 51 73 34 23 52 92 14 85 39 65 96 1  79 24 90 22 45 45 44 51 31 12 74 88 32 18 15 89 89 9  52 43 73 37 43 6  97 40 13 61 26 75 96 14 74 59 90 50 99 45 55 50 31 30 52 35 48 66 53 85 88 21 56 72 28 70 43 56 29 0  42 12 7  66 80 58 12
16 78 22 31 9  51 21 77 62 56 53 9  73 99 86 29 54 61 73 51 74 44 72 62 68 28 12 73 12 87 32 77 58 48 2  71 65 1  41 48 49 30 83 95 10 50 38 89 78 96 55 82 47 65 24 23 42 24 63 78 78 97 40 72 65 34 37 99 30 18 88 24 61 66 40 76 4  62 84 66
57 82 37 16 1  72 30 57 51 5  86 88 22 85 87 44 86 90 37 99 73 36 3  2  67 74 20 78 90 81 73 7  17 98 86 5  78 47 63 94 59 9  92 29 48 62 7  6  4  87 31 67 55 93 10 6  2  57 21 28 95 41 88 78 17 80 11 37 88 22 63 99 96 85 57 45 98 6  72 6  9 
69 87 21 83 93 82 37 83 65 13 49 89 6  76 87 13 74 57 4  13 19 49 56 93 6  71 11 93 30 46 12 83 61 7  36 84 96 92 56 17 86 92 84 21 56 89 38 39 51 43 95 59 81 44 37 88 66 55 40 64 92 3  73 57 60 34 95 67 76 49 75 90 3  20 77 86 71 49 95 74 53 91
60 60 50 32 88 36 67 40 11 8  71 72 18 64 63 15 72 75 4  86 79 53 44 32 18 47 86 38 74 17 88 87 58 5  37 68 76 0  13 95 68 84 54 89 47 23 65 52 88 13 88 26 37 80 97 28 28 54 70 94 7  38 36 34 3  23 29 79 93 97 41 62 53 53 11 37 87 10 28 64 69 92 28
88 4  25 44 97 58 40 63 8  44 49 82 71 88 50 50 59 1  93 31 70 44 81 10 1  14 37 11 63 90 79 50 9  93 8  18 81 91 94 3  18 7  93 32 79 35 68 34 15 38 81 71 32 3  6  96 6  36 68 44 64 93 53 94 83 55 41 21 84 89 52 74 91 80 40 16 97 49 25 56 30 87 35 69
63 94 20 54 97 32 91 93 7  38 79 14 21 6  79 84 63 69 40 99 68 85 93 50 85 74 75 46 14 92 64 90 56 33 58 30 84 0  40 79 20 17 66 1  80 33 81 22 60 69 57 71 31 65 49 91 16 0  61 1  30 50 91 7  96 73 14 64 94 92 42 60 2  52 85 11 1  55 82 44 93 80 30 22 71
6  3  58 36 68 51 8  35 56 96 98 15 28 52 50 45 17 22 88 14 60 43 49 2  90 64 8  50 83 47 42 35 36 52 19 75 45 10 4  62 13 37 53 99 68 93 3  24 58 18 35 3  70 30 5  23 31 19 26 3  44 68 18 51 44 91 82 15 78 20 12 45 14 44 81 87 11 12 58 63 48 56 55 88 56 49
31 14 96 16 46 11 16 96 2  25 98 13 84 95 38 92 41 0  67 47 58 32 55 12 2  64 28 2  12 51 72 58 64 57 86 17 96 84 82 42 21 22 55 37 26 36 10 71 81 77 18 7  43 88 28 24 32 91 11 94 45 21 20 31 17 38 39 18 34 34 95 44 50 42 36 68 61 64 51 39 70 53 91 75 4  88 56
63 33 83 23 21 92 30 12 73 21 1  90 39 7  19 89 54 15 99 19 59 7  76 20 1  6  46 12 46 70 52 89 65 12 68 68 60 63 17 41 59 2  11 69 48 72 40 7  53 38 42 65 86 19 68 36 94 14 58 44 85 28 26 52 40 85 87 50 90 14 44 46 46 38 3  52 99 49 39 11 13 8  53 0  1  90 29 1 
22 87 68 5  79 42 29 97 43 72 62 19 13 49 0  54 39 3  50 14 23 19 2  11 49 0  63 78 33 83 89 22 84 37 62 49 78 98 46 48 67 97 54 85 8  31 58 32 8  55 0  68 15 52 52 53 27 95 13 9  40 55 58 60 98 90 61 13 54 92 55 93 36 22 76 21 30 7  59 99 76 34 0  7  60 94 3  23 75
13 97 30 10 84 5  41 96 96 26 76 96 47 56 12 79 74 92 36 74 87 85 61 22 22 39 26 11 45 61 60 24 56 61 81 47 88 51 20 72 27 84 89 72 48 42 2  57 84 94 38 69 98 27 37 28 98 6  96 66 75 86 85 84 14 22 30 75 38 30 54 12 1  21 84 33 96 83 81 94 27 78 13 56 78 58 12 29 24 7 
72 17 3  45 19 8  10 17 28 6  55 72 9  81 16 56 55 47 91 77 56 62 52 47 70 79 63 65 72 94 5  6  77 17 61 61 35 42 36 98 54 59 37 50 71 11 51 81 35 54 9  87 94 55 0  50 22 86 95 76 26 74 45 61 11 56 18 25 92 0  77 38 28 98 28 89 3  67 47 19 61 54 91 7  70 46 34 3  61 70 26
27 37 54 11 24 47 33 56 40 46 94 75 23 44 18 64 48 68 61 66 6  79 17 27 16 69 85 56 88 81 94 98 2  68 70 59 14 74 37 45 14 58 67 13 13 72 36 22 38 94 65 50 53 20 42 92 36 88 62 20 64 60 9  62 46 85 52 19 79 46 48 85 80 37 98 7  27 89 98 64 91 65 65 29 85 95 23 96 54 97 3  16
72 24 87 65 49 82 36 3  66 75 0  20 2  61 45 61 48 97 85 9  94 27 18 91 20 43 79 7  44 91 80 82 42 14 60 56 36 79 44 92 83 89 0  19 57 61 13 87 34 2  64 21 34 68 10 77 41 19 16 92 49 71 20 73 41 98 91 71 10 73 6  1  62 32 60 23 16 27 3  8  71 75 88 16 46 4  31 60 42 27 95 19 15
14 76 87 46 83 86 14 29 50 50 69 22 57 21 74 51 71 8  4  3  20 0  10 87 63 67 15 9  55 89 1  61 26 65 17 58 40 41 31 82 10 52 15 39 66 53 81 17 8  66 92 37 76 80 11 54 22 18 10 16 33 34 80 6  18 7  9  77 15 26 41 3  87 88 7  69 44 35 50 80 68 66 3  67 98 80 60 37 4  78 22 69 81 36
