29
15
92 2 
64 10 38
20 46 69 23
40 61 79 55 34
42 12 20 13 16 23
99 78 16 37 98 35 13
21 50 57 94 4  65 69 44
84 99 49 88 12 77 76 26 24
35 64 40 87 59 5  94 43 36 20
21 4  38 10 98 60 91 85 34 35 86
3  99 95 49 40 71 29 5  93 71 0  69
83 92 19 37 77 89 69 74 15 41 5  79 93
54 90 67 60 6  99 55 27 27 30 54 90 29 18
18 17 33 88 56 73 53 51 0  91 96 6  28 52 2 
52 26 60 95 84 84 68 68 62 80 7  98 85 91 86 46
97 34 15 59 67 6  86 81 16 35 29 49 32 56 20 8  99
55 38 20 41 24 46 9  24 25 58 46 24 2  56 9  19 71 4 
38 56 50 47 78 67 23 4  86 1  33 71 70 19 70 87 59 1  95
58 21 68 34 85 89 66 11 74 84 79 21 8  78 22 91 62 29 50 97
46 35 84 66 62 49 56 4  92 54 39 0  63 65 65 75 24 87 33 94 18
24 17 76 59 46 42 64 38 1  60 8  98 92 1  41 59 51 29 73 92 40 15
13 89 67 19 44 21 90 26 52 1  35 14 85 39 10 9  10 13 38 38 1  59 8 
66 89 11 67 85 43 83 51 64 82 32 32 21 61 19 91 43 42 59 27 12 39 3  18
23 96 6  84 89 49 45 86 76 25 67 36 96 61 96 12 5  81 11 94 27 9  92 50 73
77 52 95 93 5  96 32 6  70 80 72 42 0  93 74 15 77 3  86 25 9  10 66 84 88 59
90 9  33 73 1  93 43 60 91 26 25 54 51 49 7  19 57 3  55 38 52 39 52 15 59 49 71
59 89 95 75 5  1  84 47 31 27 83 97 18 61 97 63 51 8  98 51 92 42 37 67 73 74 68 77
7  50 87 97 50 90 89 22 40 85 6  44 60 36 23 34 75 73 99 92 88 97 69 24 27 15 59 96 23
