30
91
97 26
28 75 83
40 11 61 10
72 42 96 67 38
14 15 33 18 0  3 
31 61 84 35 24 39 24
24 56 71 50 45 53 43 76
75 73 35 16 7  3  13 1  3 
13 70 16 37 30 67 45 44 23 2 
88 54 69 17 86 29 31 4  68 47 83
23 57 40 90 1  90 37 49 22 65 51 22
30 36 28 73 75 89 66 60 45 67 98 60 38
6  1  29 71 53 28 55 2  21 14 27 51 68 29
65 38 10 98 19 17 31 76 13 36 36 31 89 32 78
34 21 79 28 74 47 0  32 0  46 30 49 74 60 67 95
84 89 71 90 82 57 7  92 4  75 54 65 79 11 3  96 63
65 38 91 20 78 58 73 35 46 80 71 56 48 22 92 22 2  63
71 84 75 13 6  96 39 19 82 78 88 60 15 81 45 13 80 6  77
99 70 24 13 0  58 65 97 34 81 52 63 51 44 19 60 77 52 3  4 
55 84 88 52 18 89 88 78 61 10 26 62 53 64 25 21 2  93 64 92 89
22 64 92 25 61 99 11 57 28 92 15 67 58 40 90 45 70 11 38 14 16 14
90 86 54 5  2  55 74 62 62 0  13 94 17 86 63 47 56 3  75 65 10 42 49
45 20 14 86 10 48 91 42 69 2  48 50 15 67 65 35 23 41 13 2  94 11 55 85
32 79 22 36 41 85 61 83 0  51 97 9  1  63 74 99 0  11 2  83 68 77 44 95 55
40 39 13 23 92 82 84 7  45 32 51 64 13 87 88 7  29 88 66 38 37 21 17 44 82 1 
12 24 61 47 31 78 76 69 40 5  88 10 33 79 45 67 32 72 39 38 24 91 72 21 29 71 19
2  50 66 58 81 46 89 7  32 57 60 38 83 22 73 22 60 17 34 10 48 42 39 32 93 89 3  73
84 15 82 70 33 84 21 30 33 51 56 65 13 67 85 91 16 67 96 95 83 95 89 56 73 45 62 67 56
57 94 94 70 23 23 36 32 30 95 75 10 14 28 86 68 46 23 46 35 25 43 3  16 20 18 18 94 33 48
