48
99
77 80
83 14 5 
95 93 50 78
92 2  88 51 33
66 97 31 31 17 49
16 75 63 78 41 22 19
86 49 56 48 51 4  25 41
81 0  14 61 3  6  78 96 33
33 92 49 78 28 61 20 1  95 56
31 62 39 55 97 84 3  86 44 63 97
72 90 73 86 78 94 97 39 35 15 23 89
90 42 61 37 18 69 25 83 0  43 67 23 15
17 90 10 80 83 45 46 39 61 56 70 5  82 52
18 69 10 0  52 79 30 78 77 92 37 72 60 60 50
66 19 61 45 1  1  68 59 46 72 23 38 72 98 27 7 
25 35 33 71 6  90 42 44 22 96 56 53 93 97 71 30 68
77 45 58 8  72 57 77 43 85 82 71 2  70 82 49 83 32 10
41 47 72 21 56 46 66 12 35 47 22 68 81 98 42 12 13 16 6 
44 43 65 96 19 8  36 87 27 29 67 15 22 95 17 2  96 95 73 57
94 15 10 97 26 91 30 80 91 42 90 32 99 84 69 34 94 73 99 61 62
69 31 75 65 39 61 69 5  68 72 53 58 58 48 34 72 87 51 92 86 65 27
98 86 77 3  28 55 83 59 10 46 25 85 95 20 25 2  0  51 25 19 27 64 87
27 26 57 33 75 79 23 0  15 90 55 71 36 36 22 99 23 31 12 43 81 19 22 93
73 77 86 8  81 52 60 30 35 36 10 87 95 67 92 93 20 31 60 54 68 91 6  33 82
75 21 81 43 91 36 51 95 55 40 83 99 88 20 92 53 4  62 33 72 20 31 12 79 51 99
75 12 94 84 81 32 74 71 20 10 61 33 38 7  35 41 31 82 43 83 39 99 80 46 29 47 92
18 38 56 76 53 23 96 19 96 50 19 45 30 67 62 65 37 82 25 62 88 16 36 37 49 16 49 62
33 19 13 63 14 35 5  96 13 44 37 91 8  79 9  46 46 33 6  92 46 96 70 26 91 62 15 67 99
95 1  75 67 84 80 59 1  64 65 25 87 25 29 77 19 93 95 88 17 87 48 25 73 59 15 13 84 26 4 
87 57 54 94 27 28 46 78 33 13 95 87 45 93 65 43 45 72 15 95 11 94 4  70 19 54 73 18 16 49 14
97 20 21 54 70 7  28 88 95 70 19 1  31 86 65 18 93 71 8  3  91 1  59 61 58 8  0  73 31 34 37 71
81 68 89 49 52 77 77 27 92 40 54 19 91 23 51 39 40 91 74 66 64 4  11 18 67 0  17 13 40 11 76 96 58
73 51 3  32 89 56 67 52 65 70 59 48 95 57 63 35 91 9  66 24 69 41 92 46 34 88 5  91 49 53 15 58 75 83
57 43 0  91 98 97 18 46 77 10 12 49 9  33 41 51 41 91 47 1  34 97 67 23 29 43 95 92 55 44 51 18 55 26 98
36 74 41 82 9  56 39 7  6  5  42 3  22 94 28 33 77 6  59 37 25 62 56 74 99 68 53 3  15 16 56 58 9  12 89 73
26 30 64 23 42 59 39 69 4  49 29 89 94 0  36 42 55 1  40 56 70 32 43 25 64 76 31 4  17 16 96 54 16 81 37 85 2 
87 98 22 24 22 0  89 84 30 84 66 89 81 96 94 79 90 18 38 50 1  98 2  18 43 56 44 76 70 87 93 14 44 53 42 14 16 5 
76 69 53 2  63 12 41 64 1  75 2  81 81 95 30 81 48 90 45 9  4  87 24 16 66 81 40 47 93 52 79 0  98 12 6  33 3  96 17
67 4  91 80 39 79 42 66 10 4  66 90 12 7  25 45 63 77 57 40 84 73 73 16 34 49 67 25 50 14 36 51 62 86 35 13 91 82 42 56
49 11 97 23 7  61 45 98 79 32 77 73 70 58 1  78 21 28 97 11 32 86 44 3  27 31 70 48 76 26 45 52 35 19 21 57 33 80 58 46 25
57 37 31 23 58 25 15 21 99 10 59 30 68 75 99 58 55 89 50 59 90 58 91 78 0  54 72 53 24 29 86 6  96 55 38 6  68 98 50 54 34 13
17 35 40 16 25 97 12 22 33 13 41 99 55 6  49 8  69 57 99 74 79 48 74 57 21 34 2  59 22 36 19 62 0  38 50 73 46 99 69 93 95 97 47
20 21 1  44 44 78 81 21 78 15 26 55 10 2  63 81 29 69 21 11 4  0  47 65 70 28 21 2  19 9  44 13 80 71 28 54 23 35 68 94 38 4  56 95
4  83 9  88 15 98 88 84 41 39 50 74 26 62 74 2  54 40 11 3  92 28 90 8  6  72 34 85 39 70 66 84 80 49 28 56 86 96 95 20 97 15 58 54 16
1  29 5  7  64 39 81 69 19 58 25 32 66 40 48 71 21 43 42 31 72 62 92 86 53 5  52 14 64 54 52 96 61 30 81 19 77 75 62 67 60 11 10 72 60 82
39 58 92 67 43 23 33 84 17 59 2  46 98 65 90 8  99 80 29 29 16 86 67 20 40 46 18 72 19 53 30 57 57 52 36 23 75 4  84 35 63 65 69 14 89 46 23
57 43 26 64 21 77 35 4  85 72 60 9  32 16 44 5  52 43 21 57 20 71 42 96 95 38 44 82 35 12 56 97 90 93 47 99 88 62 45 32 34 42 70 39 9  12 13 29
